5.00 5.00 -5.00 1
5.00 5.00 -15.00 1
5.00 5.00 -25.00 1
5.00 5.00 -35.00 1
5.00 5.00 -45.00 1
5.00 5.00 -55.00 1
5.00 5.00 -65.00 1
5.00 5.00 -75.00 1
5.00 5.00 -85.00 1
5.00 5.00 -95.00 1
5.00 5.00 -105.00 1
5.00 5.00 -115.00 1
5.00 5.00 -125.00 1
5.00 5.00 -135.00 1
5.00 5.00 -145.00 1
5.00 5.00 -155.00 1
5.00 5.00 -165.00 1
5.00 5.00 -175.00 1
5.00 5.00 -185.00 1
5.00 5.00 -195.00 1
5.00 5.00 -205.00 1
5.00 5.00 -215.00 1
5.00 5.00 -225.00 1
5.00 5.00 -235.00 1
5.00 5.00 -245.00 1
5.00 5.00 -255.00 1
5.00 5.00 -265.00 1
5.00 5.00 -275.00 1
5.00 5.00 -285.00 1
5.00 5.00 -295.00 1
5.00 5.00 -305.00 1
5.00 5.00 -315.00 1
5.00 5.00 -325.00 1
5.00 5.00 -335.00 1
5.00 5.00 -345.00 1
5.00 5.00 -355.00 1
5.00 5.00 -365.00 1
5.00 5.00 -375.00 1
5.00 5.00 -385.00 1
5.00 5.00 -395.00 1
5.00 5.00 -405.00 1
5.00 5.00 -415.00 1
5.00 5.00 -425.00 1
5.00 5.00 -435.00 1
5.00 5.00 -445.00 1
5.00 5.00 -455.00 1
5.00 5.00 -465.00 1
5.00 5.00 -475.00 1
5.00 5.00 -485.00 1
5.00 5.00 -495.00 1
15.00 5.00 -5.00 1
15.00 5.00 -15.00 0
15.00 5.00 -25.00 0
15.00 5.00 -35.00 0
15.00 5.00 -45.00 0
15.00 5.00 -55.00 0
15.00 5.00 -65.00 0
15.00 5.00 -75.00 0
15.00 5.00 -85.00 0
15.00 5.00 -95.00 2
15.00 5.00 -105.00 0
15.00 5.00 -115.00 0
15.00 5.00 -125.00 0
15.00 5.00 -135.00 0
15.00 5.00 -145.00 0
15.00 5.00 -155.00 0
15.00 5.00 -165.00 0
15.00 5.00 -175.00 0
15.00 5.00 -185.00 0
15.00 5.00 -195.00 0
15.00 5.00 -205.00 2
15.00 5.00 -215.00 0
15.00 5.00 -225.00 0
15.00 5.00 -235.00 0
15.00 5.00 -245.00 0
15.00 5.00 -255.00 0
15.00 5.00 -265.00 0
15.00 5.00 -275.00 0
15.00 5.00 -285.00 0
15.00 5.00 -295.00 2
15.00 5.00 -305.00 0
15.00 5.00 -315.00 0
15.00 5.00 -325.00 0
15.00 5.00 -335.00 0
15.00 5.00 -345.00 0
15.00 5.00 -355.00 0
15.00 5.00 -365.00 0
15.00 5.00 -375.00 0
15.00 5.00 -385.00 0
15.00 5.00 -395.00 0
15.00 5.00 -405.00 2
15.00 5.00 -415.00 0
15.00 5.00 -425.00 0
15.00 5.00 -435.00 0
15.00 5.00 -445.00 0
15.00 5.00 -455.00 0
15.00 5.00 -465.00 0
15.00 5.00 -475.00 0
15.00 5.00 -485.00 0
15.00 5.00 -495.00 1
25.00 5.00 -5.00 1
25.00 5.00 -15.00 0
25.00 5.00 -25.00 0
25.00 5.00 -35.00 0
25.00 5.00 -45.00 0
25.00 5.00 -55.00 0
25.00 5.00 -65.00 0
25.00 5.00 -75.00 0
25.00 5.00 -85.00 0
25.00 5.00 -95.00 2
25.00 5.00 -105.00 0
25.00 5.00 -115.00 0
25.00 5.00 -125.00 0
25.00 5.00 -135.00 0
25.00 5.00 -145.00 0
25.00 5.00 -155.00 0
25.00 5.00 -165.00 0
25.00 5.00 -175.00 0
25.00 5.00 -185.00 0
25.00 5.00 -195.00 0
25.00 5.00 -205.00 2
25.00 5.00 -215.00 0
25.00 5.00 -225.00 0
25.00 5.00 -235.00 0
25.00 5.00 -245.00 0
25.00 5.00 -255.00 0
25.00 5.00 -265.00 0
25.00 5.00 -275.00 0
25.00 5.00 -285.00 0
25.00 5.00 -295.00 2
25.00 5.00 -305.00 0
25.00 5.00 -315.00 0
25.00 5.00 -325.00 0
25.00 5.00 -335.00 0
25.00 5.00 -345.00 0
25.00 5.00 -355.00 0
25.00 5.00 -365.00 0
25.00 5.00 -375.00 0
25.00 5.00 -385.00 0
25.00 5.00 -395.00 0
25.00 5.00 -405.00 2
25.00 5.00 -415.00 0
25.00 5.00 -425.00 0
25.00 5.00 -435.00 0
25.00 5.00 -445.00 0
25.00 5.00 -455.00 0
25.00 5.00 -465.00 0
25.00 5.00 -475.00 0
25.00 5.00 -485.00 0
25.00 5.00 -495.00 1
35.00 5.00 -5.00 1
35.00 5.00 -15.00 0
35.00 5.00 -25.00 0
35.00 5.00 -35.00 0
35.00 5.00 -45.00 0
35.00 5.00 -55.00 0
35.00 5.00 -65.00 0
35.00 5.00 -75.00 0
35.00 5.00 -85.00 3
35.00 5.00 -95.00 3
35.00 5.00 -105.00 3
35.00 5.00 -115.00 0
35.00 5.00 -125.00 0
35.00 5.00 -135.00 0
35.00 5.00 -145.00 0
35.00 5.00 -155.00 0
35.00 5.00 -165.00 0
35.00 5.00 -175.00 0
35.00 5.00 -185.00 0
35.00 5.00 -195.00 3
35.00 5.00 -205.00 3
35.00 5.00 -215.00 3
35.00 5.00 -225.00 0
35.00 5.00 -235.00 0
35.00 5.00 -245.00 0
35.00 5.00 -255.00 0
35.00 5.00 -265.00 0
35.00 5.00 -275.00 0
35.00 5.00 -285.00 3
35.00 5.00 -295.00 3
35.00 5.00 -305.00 3
35.00 5.00 -315.00 0
35.00 5.00 -325.00 0
35.00 5.00 -335.00 0
35.00 5.00 -345.00 0
35.00 5.00 -355.00 0
35.00 5.00 -365.00 0
35.00 5.00 -375.00 0
35.00 5.00 -385.00 0
35.00 5.00 -395.00 3
35.00 5.00 -405.00 3
35.00 5.00 -415.00 3
35.00 5.00 -425.00 0
35.00 5.00 -435.00 0
35.00 5.00 -445.00 0
35.00 5.00 -455.00 0
35.00 5.00 -465.00 0
35.00 5.00 -475.00 0
35.00 5.00 -485.00 0
35.00 5.00 -495.00 1
45.00 5.00 -5.00 1
45.00 5.00 -15.00 0
45.00 5.00 -25.00 0
45.00 5.00 -35.00 0
45.00 5.00 -45.00 0
45.00 5.00 -55.00 0
45.00 5.00 -65.00 0
45.00 5.00 -75.00 0
45.00 5.00 -85.00 1
45.00 5.00 -95.00 1
45.00 5.00 -105.00 1
45.00 5.00 -115.00 0
45.00 5.00 -125.00 0
45.00 5.00 -135.00 0
45.00 5.00 -145.00 1
45.00 5.00 -155.00 1
45.00 5.00 -165.00 1
45.00 5.00 -175.00 1
45.00 5.00 -185.00 1
45.00 5.00 -195.00 1
45.00 5.00 -205.00 1
45.00 5.00 -215.00 1
45.00 5.00 -225.00 0
45.00 5.00 -235.00 0
45.00 5.00 -245.00 0
45.00 5.00 -255.00 1
45.00 5.00 -265.00 1
45.00 5.00 -275.00 1
45.00 5.00 -285.00 1
45.00 5.00 -295.00 1
45.00 5.00 -305.00 1
45.00 5.00 -315.00 1
45.00 5.00 -325.00 1
45.00 5.00 -335.00 1
45.00 5.00 -345.00 1
45.00 5.00 -355.00 1
45.00 5.00 -365.00 0
45.00 5.00 -375.00 0
45.00 5.00 -385.00 0
45.00 5.00 -395.00 1
45.00 5.00 -405.00 1
45.00 5.00 -415.00 1
45.00 5.00 -425.00 0
45.00 5.00 -435.00 0
45.00 5.00 -445.00 0
45.00 5.00 -455.00 0
45.00 5.00 -465.00 0
45.00 5.00 -475.00 0
45.00 5.00 -485.00 0
45.00 5.00 -495.00 1
55.00 5.00 -5.00 1
55.00 5.00 -15.00 0
55.00 5.00 -25.00 0
55.00 5.00 -35.00 0
55.00 5.00 -45.00 0
55.00 5.00 -55.00 0
55.00 5.00 -65.00 0
55.00 5.00 -75.00 0
55.00 5.00 -85.00 1
55.00 5.00 -95.00 1
55.00 5.00 -105.00 1
55.00 5.00 -115.00 4
55.00 5.00 -125.00 4
55.00 5.00 -135.00 0
55.00 5.00 -145.00 0
55.00 5.00 -155.00 0
55.00 5.00 -165.00 0
55.00 5.00 -175.00 0
55.00 5.00 -185.00 0
55.00 5.00 -195.00 0
55.00 5.00 -205.00 0
55.00 5.00 -215.00 0
55.00 5.00 -225.00 0
55.00 5.00 -235.00 0
55.00 5.00 -245.00 0
55.00 5.00 -255.00 0
55.00 5.00 -265.00 0
55.00 5.00 -275.00 0
55.00 5.00 -285.00 0
55.00 5.00 -295.00 0
55.00 5.00 -305.00 0
55.00 5.00 -315.00 0
55.00 5.00 -325.00 0
55.00 5.00 -335.00 0
55.00 5.00 -345.00 0
55.00 5.00 -355.00 0
55.00 5.00 -365.00 0
55.00 5.00 -375.00 4
55.00 5.00 -385.00 4
55.00 5.00 -395.00 1
55.00 5.00 -405.00 1
55.00 5.00 -415.00 1
55.00 5.00 -425.00 0
55.00 5.00 -435.00 0
55.00 5.00 -445.00 0
55.00 5.00 -455.00 0
55.00 5.00 -465.00 0
55.00 5.00 -475.00 0
55.00 5.00 -485.00 0
55.00 5.00 -495.00 1
65.00 5.00 -5.00 1
65.00 5.00 -15.00 0
65.00 5.00 -25.00 0
65.00 5.00 -35.00 0
65.00 5.00 -45.00 0
65.00 5.00 -55.00 0
65.00 5.00 -65.00 0
65.00 5.00 -75.00 0
65.00 5.00 -85.00 1
65.00 5.00 -95.00 1
65.00 5.00 -105.00 1
65.00 5.00 -115.00 4
65.00 5.00 -125.00 4
65.00 5.00 -135.00 0
65.00 5.00 -145.00 0
65.00 5.00 -155.00 0
65.00 5.00 -165.00 0
65.00 5.00 -175.00 0
65.00 5.00 -185.00 0
65.00 5.00 -195.00 0
65.00 5.00 -205.00 0
65.00 5.00 -215.00 0
65.00 5.00 -225.00 0
65.00 5.00 -235.00 0
65.00 5.00 -245.00 0
65.00 5.00 -255.00 0
65.00 5.00 -265.00 0
65.00 5.00 -275.00 0
65.00 5.00 -285.00 0
65.00 5.00 -295.00 0
65.00 5.00 -305.00 0
65.00 5.00 -315.00 0
65.00 5.00 -325.00 0
65.00 5.00 -335.00 0
65.00 5.00 -345.00 0
65.00 5.00 -355.00 0
65.00 5.00 -365.00 0
65.00 5.00 -375.00 4
65.00 5.00 -385.00 4
65.00 5.00 -395.00 1
65.00 5.00 -405.00 1
65.00 5.00 -415.00 1
65.00 5.00 -425.00 0
65.00 5.00 -435.00 0
65.00 5.00 -445.00 0
65.00 5.00 -455.00 0
65.00 5.00 -465.00 0
65.00 5.00 -475.00 0
65.00 5.00 -485.00 0
65.00 5.00 -495.00 1
75.00 5.00 -5.00 1
75.00 5.00 -15.00 0
75.00 5.00 -25.00 0
75.00 5.00 -35.00 0
75.00 5.00 -45.00 0
75.00 5.00 -55.00 0
75.00 5.00 -65.00 0
75.00 5.00 -75.00 0
75.00 5.00 -85.00 1
75.00 5.00 -95.00 1
75.00 5.00 -105.00 1
75.00 5.00 -115.00 1
75.00 5.00 -125.00 1
75.00 5.00 -135.00 1
75.00 5.00 -145.00 1
75.00 5.00 -155.00 0
75.00 5.00 -165.00 0
75.00 5.00 -175.00 0
75.00 5.00 -185.00 1
75.00 5.00 -195.00 1
75.00 5.00 -205.00 1
75.00 5.00 -215.00 1
75.00 5.00 -225.00 1
75.00 5.00 -235.00 1
75.00 5.00 -245.00 1
75.00 5.00 -255.00 1
75.00 5.00 -265.00 0
75.00 5.00 -275.00 0
75.00 5.00 -285.00 1
75.00 5.00 -295.00 1
75.00 5.00 -305.00 1
75.00 5.00 -315.00 1
75.00 5.00 -325.00 0
75.00 5.00 -335.00 0
75.00 5.00 -345.00 0
75.00 5.00 -355.00 1
75.00 5.00 -365.00 1
75.00 5.00 -375.00 1
75.00 5.00 -385.00 1
75.00 5.00 -395.00 1
75.00 5.00 -405.00 1
75.00 5.00 -415.00 1
75.00 5.00 -425.00 0
75.00 5.00 -435.00 0
75.00 5.00 -445.00 0
75.00 5.00 -455.00 0
75.00 5.00 -465.00 0
75.00 5.00 -475.00 0
75.00 5.00 -485.00 0
75.00 5.00 -495.00 1
85.00 5.00 -5.00 1
85.00 5.00 -15.00 2
85.00 5.00 -25.00 2
85.00 5.00 -35.00 0
85.00 5.00 -45.00 0
85.00 5.00 -55.00 0
85.00 5.00 -65.00 0
85.00 5.00 -75.00 0
85.00 5.00 -85.00 3
85.00 5.00 -95.00 3
85.00 5.00 -105.00 3
85.00 5.00 -115.00 0
85.00 5.00 -125.00 0
85.00 5.00 -135.00 0
85.00 5.00 -145.00 0
85.00 5.00 -155.00 0
85.00 5.00 -165.00 0
85.00 5.00 -175.00 0
85.00 5.00 -185.00 0
85.00 5.00 -195.00 3
85.00 5.00 -205.00 3
85.00 5.00 -215.00 3
85.00 5.00 -225.00 0
85.00 5.00 -235.00 0
85.00 5.00 -245.00 0
85.00 5.00 -255.00 0
85.00 5.00 -265.00 0
85.00 5.00 -275.00 0
85.00 5.00 -285.00 3
85.00 5.00 -295.00 3
85.00 5.00 -305.00 3
85.00 5.00 -315.00 0
85.00 5.00 -325.00 0
85.00 5.00 -335.00 0
85.00 5.00 -345.00 0
85.00 5.00 -355.00 0
85.00 5.00 -365.00 0
85.00 5.00 -375.00 0
85.00 5.00 -385.00 0
85.00 5.00 -395.00 3
85.00 5.00 -405.00 3
85.00 5.00 -415.00 3
85.00 5.00 -425.00 0
85.00 5.00 -435.00 0
85.00 5.00 -445.00 0
85.00 5.00 -455.00 0
85.00 5.00 -465.00 0
85.00 5.00 -475.00 2
85.00 5.00 -485.00 2
85.00 5.00 -495.00 1
95.00 5.00 -5.00 1
95.00 5.00 -15.00 2
95.00 5.00 -25.00 2
95.00 5.00 -35.00 0
95.00 5.00 -45.00 0
95.00 5.00 -55.00 0
95.00 5.00 -65.00 0
95.00 5.00 -75.00 0
95.00 5.00 -85.00 0
95.00 5.00 -95.00 2
95.00 5.00 -105.00 0
95.00 5.00 -115.00 0
95.00 5.00 -125.00 0
95.00 5.00 -135.00 0
95.00 5.00 -145.00 0
95.00 5.00 -155.00 0
95.00 5.00 -165.00 0
95.00 5.00 -175.00 0
95.00 5.00 -185.00 0
95.00 5.00 -195.00 0
95.00 5.00 -205.00 2
95.00 5.00 -215.00 0
95.00 5.00 -225.00 0
95.00 5.00 -235.00 0
95.00 5.00 -245.00 4
95.00 5.00 -255.00 4
95.00 5.00 -265.00 0
95.00 5.00 -275.00 0
95.00 5.00 -285.00 0
95.00 5.00 -295.00 2
95.00 5.00 -305.00 0
95.00 5.00 -315.00 0
95.00 5.00 -325.00 0
95.00 5.00 -335.00 0
95.00 5.00 -345.00 0
95.00 5.00 -355.00 0
95.00 5.00 -365.00 0
95.00 5.00 -375.00 0
95.00 5.00 -385.00 0
95.00 5.00 -395.00 0
95.00 5.00 -405.00 2
95.00 5.00 -415.00 0
95.00 5.00 -425.00 0
95.00 5.00 -435.00 0
95.00 5.00 -445.00 0
95.00 5.00 -455.00 0
95.00 5.00 -465.00 0
95.00 5.00 -475.00 2
95.00 5.00 -485.00 2
95.00 5.00 -495.00 1
105.00 5.00 -5.00 1
105.00 5.00 -15.00 2
105.00 5.00 -25.00 2
105.00 5.00 -35.00 0
105.00 5.00 -45.00 0
105.00 5.00 -55.00 0
105.00 5.00 -65.00 0
105.00 5.00 -75.00 0
105.00 5.00 -85.00 0
105.00 5.00 -95.00 2
105.00 5.00 -105.00 0
105.00 5.00 -115.00 0
105.00 5.00 -125.00 0
105.00 5.00 -135.00 0
105.00 5.00 -145.00 0
105.00 5.00 -155.00 0
105.00 5.00 -165.00 0
105.00 5.00 -175.00 0
105.00 5.00 -185.00 0
105.00 5.00 -195.00 0
105.00 5.00 -205.00 2
105.00 5.00 -215.00 0
105.00 5.00 -225.00 0
105.00 5.00 -235.00 0
105.00 5.00 -245.00 4
105.00 5.00 -255.00 4
105.00 5.00 -265.00 0
105.00 5.00 -275.00 0
105.00 5.00 -285.00 0
105.00 5.00 -295.00 2
105.00 5.00 -305.00 0
105.00 5.00 -315.00 0
105.00 5.00 -325.00 0
105.00 5.00 -335.00 0
105.00 5.00 -345.00 0
105.00 5.00 -355.00 0
105.00 5.00 -365.00 0
105.00 5.00 -375.00 0
105.00 5.00 -385.00 0
105.00 5.00 -395.00 0
105.00 5.00 -405.00 2
105.00 5.00 -415.00 0
105.00 5.00 -425.00 0
105.00 5.00 -435.00 0
105.00 5.00 -445.00 0
105.00 5.00 -455.00 0
105.00 5.00 -465.00 0
105.00 5.00 -475.00 2
105.00 5.00 -485.00 2
105.00 5.00 -495.00 1
115.00 5.00 -5.00 1
115.00 5.00 -15.00 2
115.00 5.00 -25.00 2
115.00 5.00 -35.00 0
115.00 5.00 -45.00 0
115.00 5.00 -55.00 0
115.00 5.00 -65.00 0
115.00 5.00 -75.00 0
115.00 5.00 -85.00 3
115.00 5.00 -95.00 3
115.00 5.00 -105.00 3
115.00 5.00 -115.00 0
115.00 5.00 -125.00 0
115.00 5.00 -135.00 0
115.00 5.00 -145.00 0
115.00 5.00 -155.00 0
115.00 5.00 -165.00 0
115.00 5.00 -175.00 0
115.00 5.00 -185.00 0
115.00 5.00 -195.00 3
115.00 5.00 -205.00 3
115.00 5.00 -215.00 3
115.00 5.00 -225.00 0
115.00 5.00 -235.00 0
115.00 5.00 -245.00 0
115.00 5.00 -255.00 0
115.00 5.00 -265.00 0
115.00 5.00 -275.00 0
115.00 5.00 -285.00 3
115.00 5.00 -295.00 3
115.00 5.00 -305.00 3
115.00 5.00 -315.00 0
115.00 5.00 -325.00 0
115.00 5.00 -335.00 0
115.00 5.00 -345.00 0
115.00 5.00 -355.00 0
115.00 5.00 -365.00 0
115.00 5.00 -375.00 0
115.00 5.00 -385.00 0
115.00 5.00 -395.00 3
115.00 5.00 -405.00 3
115.00 5.00 -415.00 3
115.00 5.00 -425.00 0
115.00 5.00 -435.00 0
115.00 5.00 -445.00 0
115.00 5.00 -455.00 0
115.00 5.00 -465.00 0
115.00 5.00 -475.00 2
115.00 5.00 -485.00 2
115.00 5.00 -495.00 1
125.00 5.00 -5.00 1
125.00 5.00 -15.00 0
125.00 5.00 -25.00 0
125.00 5.00 -35.00 0
125.00 5.00 -45.00 0
125.00 5.00 -55.00 0
125.00 5.00 -65.00 0
125.00 5.00 -75.00 0
125.00 5.00 -85.00 1
125.00 5.00 -95.00 1
125.00 5.00 -105.00 1
125.00 5.00 -115.00 1
125.00 5.00 -125.00 1
125.00 5.00 -135.00 1
125.00 5.00 -145.00 1
125.00 5.00 -155.00 0
125.00 5.00 -165.00 0
125.00 5.00 -175.00 0
125.00 5.00 -185.00 1
125.00 5.00 -195.00 1
125.00 5.00 -205.00 1
125.00 5.00 -215.00 1
125.00 5.00 -225.00 0
125.00 5.00 -235.00 0
125.00 5.00 -245.00 1
125.00 5.00 -255.00 1
125.00 5.00 -265.00 1
125.00 5.00 -275.00 1
125.00 5.00 -285.00 1
125.00 5.00 -295.00 1
125.00 5.00 -305.00 1
125.00 5.00 -315.00 1
125.00 5.00 -325.00 0
125.00 5.00 -335.00 0
125.00 5.00 -345.00 0
125.00 5.00 -355.00 1
125.00 5.00 -365.00 1
125.00 5.00 -375.00 1
125.00 5.00 -385.00 1
125.00 5.00 -395.00 1
125.00 5.00 -405.00 1
125.00 5.00 -415.00 1
125.00 5.00 -425.00 0
125.00 5.00 -435.00 0
125.00 5.00 -445.00 0
125.00 5.00 -455.00 0
125.00 5.00 -465.00 0
125.00 5.00 -475.00 0
125.00 5.00 -485.00 0
125.00 5.00 -495.00 1
135.00 5.00 -5.00 1
135.00 5.00 -15.00 0
135.00 5.00 -25.00 0
135.00 5.00 -35.00 0
135.00 5.00 -45.00 0
135.00 5.00 -55.00 0
135.00 5.00 -65.00 0
135.00 5.00 -75.00 0
135.00 5.00 -85.00 1
135.00 5.00 -95.00 1
135.00 5.00 -105.00 1
135.00 5.00 -115.00 4
135.00 5.00 -125.00 4
135.00 5.00 -135.00 0
135.00 5.00 -145.00 0
135.00 5.00 -155.00 0
135.00 5.00 -165.00 0
135.00 5.00 -175.00 0
135.00 5.00 -185.00 0
135.00 5.00 -195.00 0
135.00 5.00 -205.00 0
135.00 5.00 -215.00 0
135.00 5.00 -225.00 0
135.00 5.00 -235.00 0
135.00 5.00 -245.00 0
135.00 5.00 -255.00 0
135.00 5.00 -265.00 0
135.00 5.00 -275.00 0
135.00 5.00 -285.00 0
135.00 5.00 -295.00 0
135.00 5.00 -305.00 0
135.00 5.00 -315.00 0
135.00 5.00 -325.00 0
135.00 5.00 -335.00 0
135.00 5.00 -345.00 0
135.00 5.00 -355.00 0
135.00 5.00 -365.00 0
135.00 5.00 -375.00 4
135.00 5.00 -385.00 4
135.00 5.00 -395.00 1
135.00 5.00 -405.00 1
135.00 5.00 -415.00 1
135.00 5.00 -425.00 0
135.00 5.00 -435.00 0
135.00 5.00 -445.00 0
135.00 5.00 -455.00 0
135.00 5.00 -465.00 0
135.00 5.00 -475.00 0
135.00 5.00 -485.00 0
135.00 5.00 -495.00 1
145.00 5.00 -5.00 1
145.00 5.00 -15.00 0
145.00 5.00 -25.00 0
145.00 5.00 -35.00 0
145.00 5.00 -45.00 0
145.00 5.00 -55.00 0
145.00 5.00 -65.00 0
145.00 5.00 -75.00 0
145.00 5.00 -85.00 1
145.00 5.00 -95.00 1
145.00 5.00 -105.00 1
145.00 5.00 -115.00 4
145.00 5.00 -125.00 4
145.00 5.00 -135.00 0
145.00 5.00 -145.00 0
145.00 5.00 -155.00 0
145.00 5.00 -165.00 0
145.00 5.00 -175.00 0
145.00 5.00 -185.00 0
145.00 5.00 -195.00 0
145.00 5.00 -205.00 0
145.00 5.00 -215.00 0
145.00 5.00 -225.00 0
145.00 5.00 -235.00 0
145.00 5.00 -245.00 0
145.00 5.00 -255.00 0
145.00 5.00 -265.00 0
145.00 5.00 -275.00 0
145.00 5.00 -285.00 0
145.00 5.00 -295.00 0
145.00 5.00 -305.00 0
145.00 5.00 -315.00 0
145.00 5.00 -325.00 0
145.00 5.00 -335.00 0
145.00 5.00 -345.00 0
145.00 5.00 -355.00 0
145.00 5.00 -365.00 0
145.00 5.00 -375.00 4
145.00 5.00 -385.00 4
145.00 5.00 -395.00 1
145.00 5.00 -405.00 1
145.00 5.00 -415.00 1
145.00 5.00 -425.00 0
145.00 5.00 -435.00 0
145.00 5.00 -445.00 0
145.00 5.00 -455.00 0
145.00 5.00 -465.00 0
145.00 5.00 -475.00 0
145.00 5.00 -485.00 0
145.00 5.00 -495.00 1
155.00 5.00 -5.00 1
155.00 5.00 -15.00 0
155.00 5.00 -25.00 0
155.00 5.00 -35.00 0
155.00 5.00 -45.00 0
155.00 5.00 -55.00 0
155.00 5.00 -65.00 0
155.00 5.00 -75.00 0
155.00 5.00 -85.00 1
155.00 5.00 -95.00 1
155.00 5.00 -105.00 1
155.00 5.00 -115.00 0
155.00 5.00 -125.00 0
155.00 5.00 -135.00 0
155.00 5.00 -145.00 1
155.00 5.00 -155.00 1
155.00 5.00 -165.00 1
155.00 5.00 -175.00 1
155.00 5.00 -185.00 1
155.00 5.00 -195.00 1
155.00 5.00 -205.00 1
155.00 5.00 -215.00 1
155.00 5.00 -225.00 1
155.00 5.00 -235.00 1
155.00 5.00 -245.00 1
155.00 5.00 -255.00 0
155.00 5.00 -265.00 0
155.00 5.00 -275.00 0
155.00 5.00 -285.00 1
155.00 5.00 -295.00 1
155.00 5.00 -305.00 1
155.00 5.00 -315.00 1
155.00 5.00 -325.00 1
155.00 5.00 -335.00 1
155.00 5.00 -345.00 1
155.00 5.00 -355.00 1
155.00 5.00 -365.00 0
155.00 5.00 -375.00 0
155.00 5.00 -385.00 0
155.00 5.00 -395.00 1
155.00 5.00 -405.00 1
155.00 5.00 -415.00 1
155.00 5.00 -425.00 0
155.00 5.00 -435.00 0
155.00 5.00 -445.00 0
155.00 5.00 -455.00 0
155.00 5.00 -465.00 0
155.00 5.00 -475.00 0
155.00 5.00 -485.00 0
155.00 5.00 -495.00 1
165.00 5.00 -5.00 1
165.00 5.00 -15.00 0
165.00 5.00 -25.00 0
165.00 5.00 -35.00 0
165.00 5.00 -45.00 0
165.00 5.00 -55.00 0
165.00 5.00 -65.00 0
165.00 5.00 -75.00 0
165.00 5.00 -85.00 3
165.00 5.00 -95.00 3
165.00 5.00 -105.00 3
165.00 5.00 -115.00 0
165.00 5.00 -125.00 0
165.00 5.00 -135.00 0
165.00 5.00 -145.00 0
165.00 5.00 -155.00 0
165.00 5.00 -165.00 0
165.00 5.00 -175.00 0
165.00 5.00 -185.00 0
165.00 5.00 -195.00 3
165.00 5.00 -205.00 3
165.00 5.00 -215.00 3
165.00 5.00 -225.00 0
165.00 5.00 -235.00 0
165.00 5.00 -245.00 0
165.00 5.00 -255.00 0
165.00 5.00 -265.00 0
165.00 5.00 -275.00 0
165.00 5.00 -285.00 3
165.00 5.00 -295.00 3
165.00 5.00 -305.00 3
165.00 5.00 -315.00 0
165.00 5.00 -325.00 0
165.00 5.00 -335.00 0
165.00 5.00 -345.00 0
165.00 5.00 -355.00 0
165.00 5.00 -365.00 0
165.00 5.00 -375.00 0
165.00 5.00 -385.00 0
165.00 5.00 -395.00 3
165.00 5.00 -405.00 3
165.00 5.00 -415.00 3
165.00 5.00 -425.00 0
165.00 5.00 -435.00 0
165.00 5.00 -445.00 0
165.00 5.00 -455.00 0
165.00 5.00 -465.00 0
165.00 5.00 -475.00 0
165.00 5.00 -485.00 0
165.00 5.00 -495.00 1
175.00 5.00 -5.00 1
175.00 5.00 -15.00 0
175.00 5.00 -25.00 0
175.00 5.00 -35.00 0
175.00 5.00 -45.00 0
175.00 5.00 -55.00 0
175.00 5.00 -65.00 0
175.00 5.00 -75.00 0
175.00 5.00 -85.00 0
175.00 5.00 -95.00 2
175.00 5.00 -105.00 0
175.00 5.00 -115.00 0
175.00 5.00 -125.00 0
175.00 5.00 -135.00 0
175.00 5.00 -145.00 0
175.00 5.00 -155.00 0
175.00 5.00 -165.00 0
175.00 5.00 -175.00 0
175.00 5.00 -185.00 0
175.00 5.00 -195.00 0
175.00 5.00 -205.00 2
175.00 5.00 -215.00 0
175.00 5.00 -225.00 0
175.00 5.00 -235.00 0
175.00 5.00 -245.00 0
175.00 5.00 -255.00 0
175.00 5.00 -265.00 0
175.00 5.00 -275.00 0
175.00 5.00 -285.00 0
175.00 5.00 -295.00 2
175.00 5.00 -305.00 0
175.00 5.00 -315.00 0
175.00 5.00 -325.00 0
175.00 5.00 -335.00 0
175.00 5.00 -345.00 0
175.00 5.00 -355.00 0
175.00 5.00 -365.00 0
175.00 5.00 -375.00 0
175.00 5.00 -385.00 0
175.00 5.00 -395.00 0
175.00 5.00 -405.00 2
175.00 5.00 -415.00 0
175.00 5.00 -425.00 0
175.00 5.00 -435.00 0
175.00 5.00 -445.00 0
175.00 5.00 -455.00 0
175.00 5.00 -465.00 0
175.00 5.00 -475.00 0
175.00 5.00 -485.00 0
175.00 5.00 -495.00 1
185.00 5.00 -5.00 1
185.00 5.00 -15.00 0
185.00 5.00 -25.00 0
185.00 5.00 -35.00 0
185.00 5.00 -45.00 0
185.00 5.00 -55.00 0
185.00 5.00 -65.00 0
185.00 5.00 -75.00 0
185.00 5.00 -85.00 0
185.00 5.00 -95.00 2
185.00 5.00 -105.00 0
185.00 5.00 -115.00 0
185.00 5.00 -125.00 0
185.00 5.00 -135.00 0
185.00 5.00 -145.00 0
185.00 5.00 -155.00 0
185.00 5.00 -165.00 0
185.00 5.00 -175.00 0
185.00 5.00 -185.00 0
185.00 5.00 -195.00 0
185.00 5.00 -205.00 2
185.00 5.00 -215.00 0
185.00 5.00 -225.00 0
185.00 5.00 -235.00 0
185.00 5.00 -245.00 0
185.00 5.00 -255.00 0
185.00 5.00 -265.00 0
185.00 5.00 -275.00 0
185.00 5.00 -285.00 0
185.00 5.00 -295.00 2
185.00 5.00 -305.00 0
185.00 5.00 -315.00 0
185.00 5.00 -325.00 0
185.00 5.00 -335.00 0
185.00 5.00 -345.00 0
185.00 5.00 -355.00 0
185.00 5.00 -365.00 0
185.00 5.00 -375.00 0
185.00 5.00 -385.00 0
185.00 5.00 -395.00 0
185.00 5.00 -405.00 2
185.00 5.00 -415.00 0
185.00 5.00 -425.00 0
185.00 5.00 -435.00 0
185.00 5.00 -445.00 0
185.00 5.00 -455.00 0
185.00 5.00 -465.00 0
185.00 5.00 -475.00 0
185.00 5.00 -485.00 0
185.00 5.00 -495.00 1
195.00 5.00 -5.00 1
195.00 5.00 -15.00 1
195.00 5.00 -25.00 1
195.00 5.00 -35.00 1
195.00 5.00 -45.00 1
195.00 5.00 -55.00 1
195.00 5.00 -65.00 1
195.00 5.00 -75.00 1
195.00 5.00 -85.00 1
195.00 5.00 -95.00 1
195.00 5.00 -105.00 1
195.00 5.00 -115.00 1
195.00 5.00 -125.00 1
195.00 5.00 -135.00 1
195.00 5.00 -145.00 1
195.00 5.00 -155.00 1
195.00 5.00 -165.00 1
195.00 5.00 -175.00 1
195.00 5.00 -185.00 1
195.00 5.00 -195.00 1
195.00 5.00 -205.00 1
195.00 5.00 -215.00 1
195.00 5.00 -225.00 1
195.00 5.00 -235.00 1
195.00 5.00 -245.00 1
195.00 5.00 -255.00 1
195.00 5.00 -265.00 1
195.00 5.00 -275.00 1
195.00 5.00 -285.00 1
195.00 5.00 -295.00 1
195.00 5.00 -305.00 1
195.00 5.00 -315.00 1
195.00 5.00 -325.00 1
195.00 5.00 -335.00 1
195.00 5.00 -345.00 1
195.00 5.00 -355.00 1
195.00 5.00 -365.00 1
195.00 5.00 -375.00 1
195.00 5.00 -385.00 1
195.00 5.00 -395.00 1
195.00 5.00 -405.00 1
195.00 5.00 -415.00 1
195.00 5.00 -425.00 1
195.00 5.00 -435.00 1
195.00 5.00 -445.00 1
195.00 5.00 -455.00 1
195.00 5.00 -465.00 1
195.00 5.00 -475.00 1
195.00 5.00 -485.00 1
195.00 5.00 -495.00 1
5.00 15.00 -5.00 1
5.00 15.00 -15.00 1
5.00 15.00 -25.00 1
5.00 15.00 -35.00 1
5.00 15.00 -45.00 1
5.00 15.00 -55.00 1
5.00 15.00 -65.00 1
5.00 15.00 -75.00 1
5.00 15.00 -85.00 1
5.00 15.00 -95.00 1
5.00 15.00 -105.00 1
5.00 15.00 -115.00 1
5.00 15.00 -125.00 1
5.00 15.00 -135.00 1
5.00 15.00 -145.00 1
5.00 15.00 -155.00 1
5.00 15.00 -165.00 1
5.00 15.00 -175.00 1
5.00 15.00 -185.00 1
5.00 15.00 -195.00 1
5.00 15.00 -205.00 1
5.00 15.00 -215.00 1
5.00 15.00 -225.00 1
5.00 15.00 -235.00 1
5.00 15.00 -245.00 1
5.00 15.00 -255.00 1
5.00 15.00 -265.00 1
5.00 15.00 -275.00 1
5.00 15.00 -285.00 1
5.00 15.00 -295.00 1
5.00 15.00 -305.00 1
5.00 15.00 -315.00 1
5.00 15.00 -325.00 1
5.00 15.00 -335.00 1
5.00 15.00 -345.00 1
5.00 15.00 -355.00 1
5.00 15.00 -365.00 1
5.00 15.00 -375.00 1
5.00 15.00 -385.00 1
5.00 15.00 -395.00 1
5.00 15.00 -405.00 1
5.00 15.00 -415.00 1
5.00 15.00 -425.00 1
5.00 15.00 -435.00 1
5.00 15.00 -445.00 1
5.00 15.00 -455.00 1
5.00 15.00 -465.00 1
5.00 15.00 -475.00 1
5.00 15.00 -485.00 1
5.00 15.00 -495.00 1
15.00 15.00 -5.00 1
15.00 15.00 -15.00 0
15.00 15.00 -25.00 0
15.00 15.00 -35.00 0
15.00 15.00 -45.00 0
15.00 15.00 -55.00 0
15.00 15.00 -65.00 0
15.00 15.00 -75.00 0
15.00 15.00 -85.00 0
15.00 15.00 -95.00 2
15.00 15.00 -105.00 0
15.00 15.00 -115.00 0
15.00 15.00 -125.00 0
15.00 15.00 -135.00 0
15.00 15.00 -145.00 0
15.00 15.00 -155.00 0
15.00 15.00 -165.00 0
15.00 15.00 -175.00 0
15.00 15.00 -185.00 0
15.00 15.00 -195.00 0
15.00 15.00 -205.00 2
15.00 15.00 -215.00 0
15.00 15.00 -225.00 0
15.00 15.00 -235.00 0
15.00 15.00 -245.00 0
15.00 15.00 -255.00 0
15.00 15.00 -265.00 0
15.00 15.00 -275.00 0
15.00 15.00 -285.00 0
15.00 15.00 -295.00 2
15.00 15.00 -305.00 0
15.00 15.00 -315.00 0
15.00 15.00 -325.00 0
15.00 15.00 -335.00 0
15.00 15.00 -345.00 0
15.00 15.00 -355.00 0
15.00 15.00 -365.00 0
15.00 15.00 -375.00 0
15.00 15.00 -385.00 0
15.00 15.00 -395.00 0
15.00 15.00 -405.00 2
15.00 15.00 -415.00 0
15.00 15.00 -425.00 0
15.00 15.00 -435.00 0
15.00 15.00 -445.00 0
15.00 15.00 -455.00 0
15.00 15.00 -465.00 0
15.00 15.00 -475.00 0
15.00 15.00 -485.00 0
15.00 15.00 -495.00 1
25.00 15.00 -5.00 1
25.00 15.00 -15.00 0
25.00 15.00 -25.00 0
25.00 15.00 -35.00 0
25.00 15.00 -45.00 0
25.00 15.00 -55.00 0
25.00 15.00 -65.00 0
25.00 15.00 -75.00 0
25.00 15.00 -85.00 0
25.00 15.00 -95.00 2
25.00 15.00 -105.00 0
25.00 15.00 -115.00 0
25.00 15.00 -125.00 0
25.00 15.00 -135.00 0
25.00 15.00 -145.00 0
25.00 15.00 -155.00 0
25.00 15.00 -165.00 0
25.00 15.00 -175.00 0
25.00 15.00 -185.00 0
25.00 15.00 -195.00 0
25.00 15.00 -205.00 2
25.00 15.00 -215.00 0
25.00 15.00 -225.00 0
25.00 15.00 -235.00 0
25.00 15.00 -245.00 0
25.00 15.00 -255.00 0
25.00 15.00 -265.00 0
25.00 15.00 -275.00 0
25.00 15.00 -285.00 0
25.00 15.00 -295.00 2
25.00 15.00 -305.00 0
25.00 15.00 -315.00 0
25.00 15.00 -325.00 0
25.00 15.00 -335.00 0
25.00 15.00 -345.00 0
25.00 15.00 -355.00 0
25.00 15.00 -365.00 0
25.00 15.00 -375.00 0
25.00 15.00 -385.00 0
25.00 15.00 -395.00 0
25.00 15.00 -405.00 2
25.00 15.00 -415.00 0
25.00 15.00 -425.00 0
25.00 15.00 -435.00 0
25.00 15.00 -445.00 0
25.00 15.00 -455.00 0
25.00 15.00 -465.00 0
25.00 15.00 -475.00 0
25.00 15.00 -485.00 0
25.00 15.00 -495.00 1
35.00 15.00 -5.00 1
35.00 15.00 -15.00 0
35.00 15.00 -25.00 0
35.00 15.00 -35.00 0
35.00 15.00 -45.00 0
35.00 15.00 -55.00 0
35.00 15.00 -65.00 0
35.00 15.00 -75.00 0
35.00 15.00 -85.00 0
35.00 15.00 -95.00 3
35.00 15.00 -105.00 0
35.00 15.00 -115.00 0
35.00 15.00 -125.00 0
35.00 15.00 -135.00 0
35.00 15.00 -145.00 0
35.00 15.00 -155.00 0
35.00 15.00 -165.00 0
35.00 15.00 -175.00 0
35.00 15.00 -185.00 0
35.00 15.00 -195.00 0
35.00 15.00 -205.00 3
35.00 15.00 -215.00 0
35.00 15.00 -225.00 0
35.00 15.00 -235.00 0
35.00 15.00 -245.00 0
35.00 15.00 -255.00 0
35.00 15.00 -265.00 0
35.00 15.00 -275.00 0
35.00 15.00 -285.00 0
35.00 15.00 -295.00 3
35.00 15.00 -305.00 0
35.00 15.00 -315.00 0
35.00 15.00 -325.00 0
35.00 15.00 -335.00 0
35.00 15.00 -345.00 0
35.00 15.00 -355.00 0
35.00 15.00 -365.00 0
35.00 15.00 -375.00 0
35.00 15.00 -385.00 0
35.00 15.00 -395.00 0
35.00 15.00 -405.00 3
35.00 15.00 -415.00 0
35.00 15.00 -425.00 0
35.00 15.00 -435.00 0
35.00 15.00 -445.00 0
35.00 15.00 -455.00 0
35.00 15.00 -465.00 0
35.00 15.00 -475.00 0
35.00 15.00 -485.00 0
35.00 15.00 -495.00 1
45.00 15.00 -5.00 1
45.00 15.00 -15.00 0
45.00 15.00 -25.00 0
45.00 15.00 -35.00 0
45.00 15.00 -45.00 0
45.00 15.00 -55.00 0
45.00 15.00 -65.00 0
45.00 15.00 -75.00 0
45.00 15.00 -85.00 1
45.00 15.00 -95.00 1
45.00 15.00 -105.00 1
45.00 15.00 -115.00 0
45.00 15.00 -125.00 0
45.00 15.00 -135.00 0
45.00 15.00 -145.00 1
45.00 15.00 -155.00 1
45.00 15.00 -165.00 1
45.00 15.00 -175.00 1
45.00 15.00 -185.00 1
45.00 15.00 -195.00 1
45.00 15.00 -205.00 1
45.00 15.00 -215.00 1
45.00 15.00 -225.00 0
45.00 15.00 -235.00 0
45.00 15.00 -245.00 0
45.00 15.00 -255.00 1
45.00 15.00 -265.00 1
45.00 15.00 -275.00 1
45.00 15.00 -285.00 1
45.00 15.00 -295.00 1
45.00 15.00 -305.00 1
45.00 15.00 -315.00 1
45.00 15.00 -325.00 1
45.00 15.00 -335.00 1
45.00 15.00 -345.00 1
45.00 15.00 -355.00 1
45.00 15.00 -365.00 0
45.00 15.00 -375.00 0
45.00 15.00 -385.00 0
45.00 15.00 -395.00 1
45.00 15.00 -405.00 1
45.00 15.00 -415.00 1
45.00 15.00 -425.00 0
45.00 15.00 -435.00 0
45.00 15.00 -445.00 0
45.00 15.00 -455.00 0
45.00 15.00 -465.00 0
45.00 15.00 -475.00 0
45.00 15.00 -485.00 0
45.00 15.00 -495.00 1
55.00 15.00 -5.00 1
55.00 15.00 -15.00 0
55.00 15.00 -25.00 0
55.00 15.00 -35.00 0
55.00 15.00 -45.00 0
55.00 15.00 -55.00 0
55.00 15.00 -65.00 0
55.00 15.00 -75.00 0
55.00 15.00 -85.00 1
55.00 15.00 -95.00 1
55.00 15.00 -105.00 1
55.00 15.00 -115.00 0
55.00 15.00 -125.00 0
55.00 15.00 -135.00 0
55.00 15.00 -145.00 0
55.00 15.00 -155.00 0
55.00 15.00 -165.00 0
55.00 15.00 -175.00 0
55.00 15.00 -185.00 0
55.00 15.00 -195.00 0
55.00 15.00 -205.00 0
55.00 15.00 -215.00 0
55.00 15.00 -225.00 0
55.00 15.00 -235.00 0
55.00 15.00 -245.00 0
55.00 15.00 -255.00 0
55.00 15.00 -265.00 0
55.00 15.00 -275.00 0
55.00 15.00 -285.00 0
55.00 15.00 -295.00 0
55.00 15.00 -305.00 0
55.00 15.00 -315.00 0
55.00 15.00 -325.00 0
55.00 15.00 -335.00 0
55.00 15.00 -345.00 0
55.00 15.00 -355.00 0
55.00 15.00 -365.00 0
55.00 15.00 -375.00 0
55.00 15.00 -385.00 0
55.00 15.00 -395.00 1
55.00 15.00 -405.00 1
55.00 15.00 -415.00 1
55.00 15.00 -425.00 0
55.00 15.00 -435.00 0
55.00 15.00 -445.00 0
55.00 15.00 -455.00 0
55.00 15.00 -465.00 0
55.00 15.00 -475.00 0
55.00 15.00 -485.00 0
55.00 15.00 -495.00 1
65.00 15.00 -5.00 1
65.00 15.00 -15.00 0
65.00 15.00 -25.00 0
65.00 15.00 -35.00 0
65.00 15.00 -45.00 0
65.00 15.00 -55.00 0
65.00 15.00 -65.00 0
65.00 15.00 -75.00 0
65.00 15.00 -85.00 1
65.00 15.00 -95.00 1
65.00 15.00 -105.00 1
65.00 15.00 -115.00 0
65.00 15.00 -125.00 0
65.00 15.00 -135.00 0
65.00 15.00 -145.00 0
65.00 15.00 -155.00 0
65.00 15.00 -165.00 0
65.00 15.00 -175.00 0
65.00 15.00 -185.00 0
65.00 15.00 -195.00 0
65.00 15.00 -205.00 0
65.00 15.00 -215.00 0
65.00 15.00 -225.00 0
65.00 15.00 -235.00 0
65.00 15.00 -245.00 0
65.00 15.00 -255.00 0
65.00 15.00 -265.00 0
65.00 15.00 -275.00 0
65.00 15.00 -285.00 0
65.00 15.00 -295.00 0
65.00 15.00 -305.00 0
65.00 15.00 -315.00 0
65.00 15.00 -325.00 0
65.00 15.00 -335.00 0
65.00 15.00 -345.00 0
65.00 15.00 -355.00 0
65.00 15.00 -365.00 0
65.00 15.00 -375.00 0
65.00 15.00 -385.00 0
65.00 15.00 -395.00 1
65.00 15.00 -405.00 1
65.00 15.00 -415.00 1
65.00 15.00 -425.00 0
65.00 15.00 -435.00 0
65.00 15.00 -445.00 0
65.00 15.00 -455.00 0
65.00 15.00 -465.00 0
65.00 15.00 -475.00 0
65.00 15.00 -485.00 0
65.00 15.00 -495.00 1
75.00 15.00 -5.00 1
75.00 15.00 -15.00 0
75.00 15.00 -25.00 0
75.00 15.00 -35.00 0
75.00 15.00 -45.00 0
75.00 15.00 -55.00 0
75.00 15.00 -65.00 0
75.00 15.00 -75.00 0
75.00 15.00 -85.00 1
75.00 15.00 -95.00 1
75.00 15.00 -105.00 1
75.00 15.00 -115.00 1
75.00 15.00 -125.00 1
75.00 15.00 -135.00 1
75.00 15.00 -145.00 1
75.00 15.00 -155.00 0
75.00 15.00 -165.00 0
75.00 15.00 -175.00 0
75.00 15.00 -185.00 1
75.00 15.00 -195.00 1
75.00 15.00 -205.00 1
75.00 15.00 -215.00 1
75.00 15.00 -225.00 1
75.00 15.00 -235.00 1
75.00 15.00 -245.00 1
75.00 15.00 -255.00 1
75.00 15.00 -265.00 0
75.00 15.00 -275.00 0
75.00 15.00 -285.00 1
75.00 15.00 -295.00 1
75.00 15.00 -305.00 1
75.00 15.00 -315.00 1
75.00 15.00 -325.00 0
75.00 15.00 -335.00 0
75.00 15.00 -345.00 0
75.00 15.00 -355.00 1
75.00 15.00 -365.00 1
75.00 15.00 -375.00 1
75.00 15.00 -385.00 1
75.00 15.00 -395.00 1
75.00 15.00 -405.00 1
75.00 15.00 -415.00 1
75.00 15.00 -425.00 0
75.00 15.00 -435.00 0
75.00 15.00 -445.00 0
75.00 15.00 -455.00 0
75.00 15.00 -465.00 0
75.00 15.00 -475.00 0
75.00 15.00 -485.00 0
75.00 15.00 -495.00 1
85.00 15.00 -5.00 1
85.00 15.00 -15.00 2
85.00 15.00 -25.00 2
85.00 15.00 -35.00 0
85.00 15.00 -45.00 0
85.00 15.00 -55.00 0
85.00 15.00 -65.00 0
85.00 15.00 -75.00 0
85.00 15.00 -85.00 0
85.00 15.00 -95.00 3
85.00 15.00 -105.00 0
85.00 15.00 -115.00 0
85.00 15.00 -125.00 0
85.00 15.00 -135.00 0
85.00 15.00 -145.00 0
85.00 15.00 -155.00 0
85.00 15.00 -165.00 0
85.00 15.00 -175.00 0
85.00 15.00 -185.00 0
85.00 15.00 -195.00 0
85.00 15.00 -205.00 3
85.00 15.00 -215.00 0
85.00 15.00 -225.00 0
85.00 15.00 -235.00 0
85.00 15.00 -245.00 0
85.00 15.00 -255.00 0
85.00 15.00 -265.00 0
85.00 15.00 -275.00 0
85.00 15.00 -285.00 0
85.00 15.00 -295.00 3
85.00 15.00 -305.00 0
85.00 15.00 -315.00 0
85.00 15.00 -325.00 0
85.00 15.00 -335.00 0
85.00 15.00 -345.00 0
85.00 15.00 -355.00 0
85.00 15.00 -365.00 0
85.00 15.00 -375.00 0
85.00 15.00 -385.00 0
85.00 15.00 -395.00 0
85.00 15.00 -405.00 3
85.00 15.00 -415.00 0
85.00 15.00 -425.00 0
85.00 15.00 -435.00 0
85.00 15.00 -445.00 0
85.00 15.00 -455.00 0
85.00 15.00 -465.00 0
85.00 15.00 -475.00 2
85.00 15.00 -485.00 2
85.00 15.00 -495.00 1
95.00 15.00 -5.00 1
95.00 15.00 -15.00 2
95.00 15.00 -25.00 2
95.00 15.00 -35.00 0
95.00 15.00 -45.00 0
95.00 15.00 -55.00 0
95.00 15.00 -65.00 0
95.00 15.00 -75.00 0
95.00 15.00 -85.00 0
95.00 15.00 -95.00 2
95.00 15.00 -105.00 0
95.00 15.00 -115.00 0
95.00 15.00 -125.00 0
95.00 15.00 -135.00 0
95.00 15.00 -145.00 0
95.00 15.00 -155.00 0
95.00 15.00 -165.00 0
95.00 15.00 -175.00 0
95.00 15.00 -185.00 0
95.00 15.00 -195.00 0
95.00 15.00 -205.00 2
95.00 15.00 -215.00 0
95.00 15.00 -225.00 0
95.00 15.00 -235.00 0
95.00 15.00 -245.00 0
95.00 15.00 -255.00 0
95.00 15.00 -265.00 0
95.00 15.00 -275.00 0
95.00 15.00 -285.00 0
95.00 15.00 -295.00 2
95.00 15.00 -305.00 0
95.00 15.00 -315.00 0
95.00 15.00 -325.00 0
95.00 15.00 -335.00 0
95.00 15.00 -345.00 0
95.00 15.00 -355.00 0
95.00 15.00 -365.00 0
95.00 15.00 -375.00 0
95.00 15.00 -385.00 0
95.00 15.00 -395.00 0
95.00 15.00 -405.00 2
95.00 15.00 -415.00 0
95.00 15.00 -425.00 0
95.00 15.00 -435.00 0
95.00 15.00 -445.00 0
95.00 15.00 -455.00 0
95.00 15.00 -465.00 0
95.00 15.00 -475.00 2
95.00 15.00 -485.00 2
95.00 15.00 -495.00 1
105.00 15.00 -5.00 1
105.00 15.00 -15.00 2
105.00 15.00 -25.00 2
105.00 15.00 -35.00 0
105.00 15.00 -45.00 0
105.00 15.00 -55.00 0
105.00 15.00 -65.00 0
105.00 15.00 -75.00 0
105.00 15.00 -85.00 0
105.00 15.00 -95.00 2
105.00 15.00 -105.00 0
105.00 15.00 -115.00 0
105.00 15.00 -125.00 0
105.00 15.00 -135.00 0
105.00 15.00 -145.00 0
105.00 15.00 -155.00 0
105.00 15.00 -165.00 0
105.00 15.00 -175.00 0
105.00 15.00 -185.00 0
105.00 15.00 -195.00 0
105.00 15.00 -205.00 2
105.00 15.00 -215.00 0
105.00 15.00 -225.00 0
105.00 15.00 -235.00 0
105.00 15.00 -245.00 0
105.00 15.00 -255.00 0
105.00 15.00 -265.00 0
105.00 15.00 -275.00 0
105.00 15.00 -285.00 0
105.00 15.00 -295.00 2
105.00 15.00 -305.00 0
105.00 15.00 -315.00 0
105.00 15.00 -325.00 0
105.00 15.00 -335.00 0
105.00 15.00 -345.00 0
105.00 15.00 -355.00 0
105.00 15.00 -365.00 0
105.00 15.00 -375.00 0
105.00 15.00 -385.00 0
105.00 15.00 -395.00 0
105.00 15.00 -405.00 2
105.00 15.00 -415.00 0
105.00 15.00 -425.00 0
105.00 15.00 -435.00 0
105.00 15.00 -445.00 0
105.00 15.00 -455.00 0
105.00 15.00 -465.00 0
105.00 15.00 -475.00 2
105.00 15.00 -485.00 2
105.00 15.00 -495.00 1
115.00 15.00 -5.00 1
115.00 15.00 -15.00 2
115.00 15.00 -25.00 2
115.00 15.00 -35.00 0
115.00 15.00 -45.00 0
115.00 15.00 -55.00 0
115.00 15.00 -65.00 0
115.00 15.00 -75.00 0
115.00 15.00 -85.00 0
115.00 15.00 -95.00 3
115.00 15.00 -105.00 0
115.00 15.00 -115.00 0
115.00 15.00 -125.00 0
115.00 15.00 -135.00 0
115.00 15.00 -145.00 0
115.00 15.00 -155.00 0
115.00 15.00 -165.00 0
115.00 15.00 -175.00 0
115.00 15.00 -185.00 0
115.00 15.00 -195.00 0
115.00 15.00 -205.00 3
115.00 15.00 -215.00 0
115.00 15.00 -225.00 0
115.00 15.00 -235.00 0
115.00 15.00 -245.00 0
115.00 15.00 -255.00 0
115.00 15.00 -265.00 0
115.00 15.00 -275.00 0
115.00 15.00 -285.00 0
115.00 15.00 -295.00 3
115.00 15.00 -305.00 0
115.00 15.00 -315.00 0
115.00 15.00 -325.00 0
115.00 15.00 -335.00 0
115.00 15.00 -345.00 0
115.00 15.00 -355.00 0
115.00 15.00 -365.00 0
115.00 15.00 -375.00 0
115.00 15.00 -385.00 0
115.00 15.00 -395.00 0
115.00 15.00 -405.00 3
115.00 15.00 -415.00 0
115.00 15.00 -425.00 0
115.00 15.00 -435.00 0
115.00 15.00 -445.00 0
115.00 15.00 -455.00 0
115.00 15.00 -465.00 0
115.00 15.00 -475.00 2
115.00 15.00 -485.00 2
115.00 15.00 -495.00 1
125.00 15.00 -5.00 1
125.00 15.00 -15.00 0
125.00 15.00 -25.00 0
125.00 15.00 -35.00 0
125.00 15.00 -45.00 0
125.00 15.00 -55.00 0
125.00 15.00 -65.00 0
125.00 15.00 -75.00 0
125.00 15.00 -85.00 1
125.00 15.00 -95.00 1
125.00 15.00 -105.00 1
125.00 15.00 -115.00 1
125.00 15.00 -125.00 1
125.00 15.00 -135.00 1
125.00 15.00 -145.00 1
125.00 15.00 -155.00 0
125.00 15.00 -165.00 0
125.00 15.00 -175.00 0
125.00 15.00 -185.00 1
125.00 15.00 -195.00 1
125.00 15.00 -205.00 1
125.00 15.00 -215.00 1
125.00 15.00 -225.00 0
125.00 15.00 -235.00 0
125.00 15.00 -245.00 1
125.00 15.00 -255.00 1
125.00 15.00 -265.00 1
125.00 15.00 -275.00 1
125.00 15.00 -285.00 1
125.00 15.00 -295.00 1
125.00 15.00 -305.00 1
125.00 15.00 -315.00 1
125.00 15.00 -325.00 0
125.00 15.00 -335.00 0
125.00 15.00 -345.00 0
125.00 15.00 -355.00 1
125.00 15.00 -365.00 1
125.00 15.00 -375.00 1
125.00 15.00 -385.00 1
125.00 15.00 -395.00 1
125.00 15.00 -405.00 1
125.00 15.00 -415.00 1
125.00 15.00 -425.00 0
125.00 15.00 -435.00 0
125.00 15.00 -445.00 0
125.00 15.00 -455.00 0
125.00 15.00 -465.00 0
125.00 15.00 -475.00 0
125.00 15.00 -485.00 0
125.00 15.00 -495.00 1
135.00 15.00 -5.00 1
135.00 15.00 -15.00 0
135.00 15.00 -25.00 0
135.00 15.00 -35.00 0
135.00 15.00 -45.00 0
135.00 15.00 -55.00 0
135.00 15.00 -65.00 0
135.00 15.00 -75.00 0
135.00 15.00 -85.00 1
135.00 15.00 -95.00 1
135.00 15.00 -105.00 1
135.00 15.00 -115.00 0
135.00 15.00 -125.00 0
135.00 15.00 -135.00 0
135.00 15.00 -145.00 0
135.00 15.00 -155.00 0
135.00 15.00 -165.00 0
135.00 15.00 -175.00 0
135.00 15.00 -185.00 0
135.00 15.00 -195.00 0
135.00 15.00 -205.00 0
135.00 15.00 -215.00 0
135.00 15.00 -225.00 0
135.00 15.00 -235.00 0
135.00 15.00 -245.00 0
135.00 15.00 -255.00 0
135.00 15.00 -265.00 0
135.00 15.00 -275.00 0
135.00 15.00 -285.00 0
135.00 15.00 -295.00 0
135.00 15.00 -305.00 0
135.00 15.00 -315.00 0
135.00 15.00 -325.00 0
135.00 15.00 -335.00 0
135.00 15.00 -345.00 0
135.00 15.00 -355.00 0
135.00 15.00 -365.00 0
135.00 15.00 -375.00 0
135.00 15.00 -385.00 0
135.00 15.00 -395.00 1
135.00 15.00 -405.00 1
135.00 15.00 -415.00 1
135.00 15.00 -425.00 0
135.00 15.00 -435.00 0
135.00 15.00 -445.00 0
135.00 15.00 -455.00 0
135.00 15.00 -465.00 0
135.00 15.00 -475.00 0
135.00 15.00 -485.00 0
135.00 15.00 -495.00 1
145.00 15.00 -5.00 1
145.00 15.00 -15.00 0
145.00 15.00 -25.00 0
145.00 15.00 -35.00 0
145.00 15.00 -45.00 0
145.00 15.00 -55.00 0
145.00 15.00 -65.00 0
145.00 15.00 -75.00 0
145.00 15.00 -85.00 1
145.00 15.00 -95.00 1
145.00 15.00 -105.00 1
145.00 15.00 -115.00 0
145.00 15.00 -125.00 0
145.00 15.00 -135.00 0
145.00 15.00 -145.00 0
145.00 15.00 -155.00 0
145.00 15.00 -165.00 0
145.00 15.00 -175.00 0
145.00 15.00 -185.00 0
145.00 15.00 -195.00 0
145.00 15.00 -205.00 0
145.00 15.00 -215.00 0
145.00 15.00 -225.00 0
145.00 15.00 -235.00 0
145.00 15.00 -245.00 0
145.00 15.00 -255.00 0
145.00 15.00 -265.00 0
145.00 15.00 -275.00 0
145.00 15.00 -285.00 0
145.00 15.00 -295.00 0
145.00 15.00 -305.00 0
145.00 15.00 -315.00 0
145.00 15.00 -325.00 0
145.00 15.00 -335.00 0
145.00 15.00 -345.00 0
145.00 15.00 -355.00 0
145.00 15.00 -365.00 0
145.00 15.00 -375.00 0
145.00 15.00 -385.00 0
145.00 15.00 -395.00 1
145.00 15.00 -405.00 1
145.00 15.00 -415.00 1
145.00 15.00 -425.00 0
145.00 15.00 -435.00 0
145.00 15.00 -445.00 0
145.00 15.00 -455.00 0
145.00 15.00 -465.00 0
145.00 15.00 -475.00 0
145.00 15.00 -485.00 0
145.00 15.00 -495.00 1
155.00 15.00 -5.00 1
155.00 15.00 -15.00 0
155.00 15.00 -25.00 0
155.00 15.00 -35.00 0
155.00 15.00 -45.00 0
155.00 15.00 -55.00 0
155.00 15.00 -65.00 0
155.00 15.00 -75.00 0
155.00 15.00 -85.00 1
155.00 15.00 -95.00 1
155.00 15.00 -105.00 1
155.00 15.00 -115.00 0
155.00 15.00 -125.00 0
155.00 15.00 -135.00 0
155.00 15.00 -145.00 1
155.00 15.00 -155.00 1
155.00 15.00 -165.00 1
155.00 15.00 -175.00 1
155.00 15.00 -185.00 1
155.00 15.00 -195.00 1
155.00 15.00 -205.00 1
155.00 15.00 -215.00 1
155.00 15.00 -225.00 1
155.00 15.00 -235.00 1
155.00 15.00 -245.00 1
155.00 15.00 -255.00 0
155.00 15.00 -265.00 0
155.00 15.00 -275.00 0
155.00 15.00 -285.00 1
155.00 15.00 -295.00 1
155.00 15.00 -305.00 1
155.00 15.00 -315.00 1
155.00 15.00 -325.00 1
155.00 15.00 -335.00 1
155.00 15.00 -345.00 1
155.00 15.00 -355.00 1
155.00 15.00 -365.00 0
155.00 15.00 -375.00 0
155.00 15.00 -385.00 0
155.00 15.00 -395.00 1
155.00 15.00 -405.00 1
155.00 15.00 -415.00 1
155.00 15.00 -425.00 0
155.00 15.00 -435.00 0
155.00 15.00 -445.00 0
155.00 15.00 -455.00 0
155.00 15.00 -465.00 0
155.00 15.00 -475.00 0
155.00 15.00 -485.00 0
155.00 15.00 -495.00 1
165.00 15.00 -5.00 1
165.00 15.00 -15.00 0
165.00 15.00 -25.00 0
165.00 15.00 -35.00 0
165.00 15.00 -45.00 0
165.00 15.00 -55.00 0
165.00 15.00 -65.00 0
165.00 15.00 -75.00 0
165.00 15.00 -85.00 0
165.00 15.00 -95.00 3
165.00 15.00 -105.00 0
165.00 15.00 -115.00 0
165.00 15.00 -125.00 0
165.00 15.00 -135.00 0
165.00 15.00 -145.00 0
165.00 15.00 -155.00 0
165.00 15.00 -165.00 0
165.00 15.00 -175.00 0
165.00 15.00 -185.00 0
165.00 15.00 -195.00 0
165.00 15.00 -205.00 3
165.00 15.00 -215.00 0
165.00 15.00 -225.00 0
165.00 15.00 -235.00 0
165.00 15.00 -245.00 0
165.00 15.00 -255.00 0
165.00 15.00 -265.00 0
165.00 15.00 -275.00 0
165.00 15.00 -285.00 0
165.00 15.00 -295.00 3
165.00 15.00 -305.00 0
165.00 15.00 -315.00 0
165.00 15.00 -325.00 0
165.00 15.00 -335.00 0
165.00 15.00 -345.00 0
165.00 15.00 -355.00 0
165.00 15.00 -365.00 0
165.00 15.00 -375.00 0
165.00 15.00 -385.00 0
165.00 15.00 -395.00 0
165.00 15.00 -405.00 3
165.00 15.00 -415.00 0
165.00 15.00 -425.00 0
165.00 15.00 -435.00 0
165.00 15.00 -445.00 0
165.00 15.00 -455.00 0
165.00 15.00 -465.00 0
165.00 15.00 -475.00 0
165.00 15.00 -485.00 0
165.00 15.00 -495.00 1
175.00 15.00 -5.00 1
175.00 15.00 -15.00 0
175.00 15.00 -25.00 0
175.00 15.00 -35.00 0
175.00 15.00 -45.00 0
175.00 15.00 -55.00 0
175.00 15.00 -65.00 0
175.00 15.00 -75.00 0
175.00 15.00 -85.00 0
175.00 15.00 -95.00 2
175.00 15.00 -105.00 0
175.00 15.00 -115.00 0
175.00 15.00 -125.00 0
175.00 15.00 -135.00 0
175.00 15.00 -145.00 0
175.00 15.00 -155.00 0
175.00 15.00 -165.00 0
175.00 15.00 -175.00 0
175.00 15.00 -185.00 0
175.00 15.00 -195.00 0
175.00 15.00 -205.00 2
175.00 15.00 -215.00 0
175.00 15.00 -225.00 0
175.00 15.00 -235.00 0
175.00 15.00 -245.00 0
175.00 15.00 -255.00 0
175.00 15.00 -265.00 0
175.00 15.00 -275.00 0
175.00 15.00 -285.00 0
175.00 15.00 -295.00 2
175.00 15.00 -305.00 0
175.00 15.00 -315.00 0
175.00 15.00 -325.00 0
175.00 15.00 -335.00 0
175.00 15.00 -345.00 0
175.00 15.00 -355.00 0
175.00 15.00 -365.00 0
175.00 15.00 -375.00 0
175.00 15.00 -385.00 0
175.00 15.00 -395.00 0
175.00 15.00 -405.00 2
175.00 15.00 -415.00 0
175.00 15.00 -425.00 0
175.00 15.00 -435.00 0
175.00 15.00 -445.00 0
175.00 15.00 -455.00 0
175.00 15.00 -465.00 0
175.00 15.00 -475.00 0
175.00 15.00 -485.00 0
175.00 15.00 -495.00 1
185.00 15.00 -5.00 1
185.00 15.00 -15.00 0
185.00 15.00 -25.00 0
185.00 15.00 -35.00 0
185.00 15.00 -45.00 0
185.00 15.00 -55.00 0
185.00 15.00 -65.00 0
185.00 15.00 -75.00 0
185.00 15.00 -85.00 0
185.00 15.00 -95.00 2
185.00 15.00 -105.00 0
185.00 15.00 -115.00 0
185.00 15.00 -125.00 0
185.00 15.00 -135.00 0
185.00 15.00 -145.00 0
185.00 15.00 -155.00 0
185.00 15.00 -165.00 0
185.00 15.00 -175.00 0
185.00 15.00 -185.00 0
185.00 15.00 -195.00 0
185.00 15.00 -205.00 2
185.00 15.00 -215.00 0
185.00 15.00 -225.00 0
185.00 15.00 -235.00 0
185.00 15.00 -245.00 0
185.00 15.00 -255.00 0
185.00 15.00 -265.00 0
185.00 15.00 -275.00 0
185.00 15.00 -285.00 0
185.00 15.00 -295.00 2
185.00 15.00 -305.00 0
185.00 15.00 -315.00 0
185.00 15.00 -325.00 0
185.00 15.00 -335.00 0
185.00 15.00 -345.00 0
185.00 15.00 -355.00 0
185.00 15.00 -365.00 0
185.00 15.00 -375.00 0
185.00 15.00 -385.00 0
185.00 15.00 -395.00 0
185.00 15.00 -405.00 2
185.00 15.00 -415.00 0
185.00 15.00 -425.00 0
185.00 15.00 -435.00 0
185.00 15.00 -445.00 0
185.00 15.00 -455.00 0
185.00 15.00 -465.00 0
185.00 15.00 -475.00 0
185.00 15.00 -485.00 0
185.00 15.00 -495.00 1
195.00 15.00 -5.00 1
195.00 15.00 -15.00 1
195.00 15.00 -25.00 1
195.00 15.00 -35.00 1
195.00 15.00 -45.00 1
195.00 15.00 -55.00 1
195.00 15.00 -65.00 1
195.00 15.00 -75.00 1
195.00 15.00 -85.00 1
195.00 15.00 -95.00 1
195.00 15.00 -105.00 1
195.00 15.00 -115.00 1
195.00 15.00 -125.00 1
195.00 15.00 -135.00 1
195.00 15.00 -145.00 1
195.00 15.00 -155.00 1
195.00 15.00 -165.00 1
195.00 15.00 -175.00 1
195.00 15.00 -185.00 1
195.00 15.00 -195.00 1
195.00 15.00 -205.00 1
195.00 15.00 -215.00 1
195.00 15.00 -225.00 1
195.00 15.00 -235.00 1
195.00 15.00 -245.00 1
195.00 15.00 -255.00 1
195.00 15.00 -265.00 1
195.00 15.00 -275.00 1
195.00 15.00 -285.00 1
195.00 15.00 -295.00 1
195.00 15.00 -305.00 1
195.00 15.00 -315.00 1
195.00 15.00 -325.00 1
195.00 15.00 -335.00 1
195.00 15.00 -345.00 1
195.00 15.00 -355.00 1
195.00 15.00 -365.00 1
195.00 15.00 -375.00 1
195.00 15.00 -385.00 1
195.00 15.00 -395.00 1
195.00 15.00 -405.00 1
195.00 15.00 -415.00 1
195.00 15.00 -425.00 1
195.00 15.00 -435.00 1
195.00 15.00 -445.00 1
195.00 15.00 -455.00 1
195.00 15.00 -465.00 1
195.00 15.00 -475.00 1
195.00 15.00 -485.00 1
195.00 15.00 -495.00 1
5.00 25.00 -5.00 1
5.00 25.00 -15.00 1
5.00 25.00 -25.00 1
5.00 25.00 -35.00 1
5.00 25.00 -45.00 1
5.00 25.00 -55.00 1
5.00 25.00 -65.00 1
5.00 25.00 -75.00 1
5.00 25.00 -85.00 1
5.00 25.00 -95.00 1
5.00 25.00 -105.00 1
5.00 25.00 -115.00 1
5.00 25.00 -125.00 1
5.00 25.00 -135.00 1
5.00 25.00 -145.00 1
5.00 25.00 -155.00 1
5.00 25.00 -165.00 1
5.00 25.00 -175.00 1
5.00 25.00 -185.00 1
5.00 25.00 -195.00 1
5.00 25.00 -205.00 1
5.00 25.00 -215.00 1
5.00 25.00 -225.00 1
5.00 25.00 -235.00 1
5.00 25.00 -245.00 1
5.00 25.00 -255.00 1
5.00 25.00 -265.00 1
5.00 25.00 -275.00 1
5.00 25.00 -285.00 1
5.00 25.00 -295.00 1
5.00 25.00 -305.00 1
5.00 25.00 -315.00 1
5.00 25.00 -325.00 1
5.00 25.00 -335.00 1
5.00 25.00 -345.00 1
5.00 25.00 -355.00 1
5.00 25.00 -365.00 1
5.00 25.00 -375.00 1
5.00 25.00 -385.00 1
5.00 25.00 -395.00 1
5.00 25.00 -405.00 1
5.00 25.00 -415.00 1
5.00 25.00 -425.00 1
5.00 25.00 -435.00 1
5.00 25.00 -445.00 1
5.00 25.00 -455.00 1
5.00 25.00 -465.00 1
5.00 25.00 -475.00 1
5.00 25.00 -485.00 1
5.00 25.00 -495.00 1
15.00 25.00 -5.00 1
15.00 25.00 -15.00 0
15.00 25.00 -25.00 0
15.00 25.00 -35.00 0
15.00 25.00 -45.00 0
15.00 25.00 -55.00 0
15.00 25.00 -65.00 0
15.00 25.00 -75.00 0
15.00 25.00 -85.00 0
15.00 25.00 -95.00 2
15.00 25.00 -105.00 0
15.00 25.00 -115.00 0
15.00 25.00 -125.00 0
15.00 25.00 -135.00 0
15.00 25.00 -145.00 0
15.00 25.00 -155.00 0
15.00 25.00 -165.00 0
15.00 25.00 -175.00 0
15.00 25.00 -185.00 0
15.00 25.00 -195.00 0
15.00 25.00 -205.00 2
15.00 25.00 -215.00 0
15.00 25.00 -225.00 0
15.00 25.00 -235.00 0
15.00 25.00 -245.00 0
15.00 25.00 -255.00 0
15.00 25.00 -265.00 0
15.00 25.00 -275.00 0
15.00 25.00 -285.00 0
15.00 25.00 -295.00 2
15.00 25.00 -305.00 0
15.00 25.00 -315.00 0
15.00 25.00 -325.00 0
15.00 25.00 -335.00 0
15.00 25.00 -345.00 0
15.00 25.00 -355.00 0
15.00 25.00 -365.00 0
15.00 25.00 -375.00 0
15.00 25.00 -385.00 0
15.00 25.00 -395.00 0
15.00 25.00 -405.00 2
15.00 25.00 -415.00 0
15.00 25.00 -425.00 0
15.00 25.00 -435.00 0
15.00 25.00 -445.00 0
15.00 25.00 -455.00 0
15.00 25.00 -465.00 0
15.00 25.00 -475.00 0
15.00 25.00 -485.00 0
15.00 25.00 -495.00 1
25.00 25.00 -5.00 1
25.00 25.00 -15.00 0
25.00 25.00 -25.00 0
25.00 25.00 -35.00 0
25.00 25.00 -45.00 0
25.00 25.00 -55.00 0
25.00 25.00 -65.00 0
25.00 25.00 -75.00 0
25.00 25.00 -85.00 0
25.00 25.00 -95.00 2
25.00 25.00 -105.00 0
25.00 25.00 -115.00 0
25.00 25.00 -125.00 0
25.00 25.00 -135.00 0
25.00 25.00 -145.00 0
25.00 25.00 -155.00 0
25.00 25.00 -165.00 0
25.00 25.00 -175.00 0
25.00 25.00 -185.00 0
25.00 25.00 -195.00 0
25.00 25.00 -205.00 2
25.00 25.00 -215.00 0
25.00 25.00 -225.00 0
25.00 25.00 -235.00 0
25.00 25.00 -245.00 0
25.00 25.00 -255.00 0
25.00 25.00 -265.00 0
25.00 25.00 -275.00 0
25.00 25.00 -285.00 0
25.00 25.00 -295.00 2
25.00 25.00 -305.00 0
25.00 25.00 -315.00 0
25.00 25.00 -325.00 0
25.00 25.00 -335.00 0
25.00 25.00 -345.00 0
25.00 25.00 -355.00 0
25.00 25.00 -365.00 0
25.00 25.00 -375.00 0
25.00 25.00 -385.00 0
25.00 25.00 -395.00 0
25.00 25.00 -405.00 2
25.00 25.00 -415.00 0
25.00 25.00 -425.00 0
25.00 25.00 -435.00 0
25.00 25.00 -445.00 0
25.00 25.00 -455.00 0
25.00 25.00 -465.00 0
25.00 25.00 -475.00 0
25.00 25.00 -485.00 0
25.00 25.00 -495.00 1
35.00 25.00 -5.00 1
35.00 25.00 -15.00 0
35.00 25.00 -25.00 0
35.00 25.00 -35.00 0
35.00 25.00 -45.00 0
35.00 25.00 -55.00 0
35.00 25.00 -65.00 0
35.00 25.00 -75.00 0
35.00 25.00 -85.00 0
35.00 25.00 -95.00 0
35.00 25.00 -105.00 0
35.00 25.00 -115.00 0
35.00 25.00 -125.00 0
35.00 25.00 -135.00 0
35.00 25.00 -145.00 0
35.00 25.00 -155.00 0
35.00 25.00 -165.00 0
35.00 25.00 -175.00 0
35.00 25.00 -185.00 0
35.00 25.00 -195.00 0
35.00 25.00 -205.00 0
35.00 25.00 -215.00 0
35.00 25.00 -225.00 0
35.00 25.00 -235.00 0
35.00 25.00 -245.00 0
35.00 25.00 -255.00 0
35.00 25.00 -265.00 0
35.00 25.00 -275.00 0
35.00 25.00 -285.00 0
35.00 25.00 -295.00 0
35.00 25.00 -305.00 0
35.00 25.00 -315.00 0
35.00 25.00 -325.00 0
35.00 25.00 -335.00 0
35.00 25.00 -345.00 0
35.00 25.00 -355.00 0
35.00 25.00 -365.00 0
35.00 25.00 -375.00 0
35.00 25.00 -385.00 0
35.00 25.00 -395.00 0
35.00 25.00 -405.00 0
35.00 25.00 -415.00 0
35.00 25.00 -425.00 0
35.00 25.00 -435.00 0
35.00 25.00 -445.00 0
35.00 25.00 -455.00 0
35.00 25.00 -465.00 0
35.00 25.00 -475.00 0
35.00 25.00 -485.00 0
35.00 25.00 -495.00 1
45.00 25.00 -5.00 1
45.00 25.00 -15.00 0
45.00 25.00 -25.00 0
45.00 25.00 -35.00 0
45.00 25.00 -45.00 0
45.00 25.00 -55.00 0
45.00 25.00 -65.00 0
45.00 25.00 -75.00 0
45.00 25.00 -85.00 1
45.00 25.00 -95.00 1
45.00 25.00 -105.00 1
45.00 25.00 -115.00 0
45.00 25.00 -125.00 0
45.00 25.00 -135.00 0
45.00 25.00 -145.00 1
45.00 25.00 -155.00 1
45.00 25.00 -165.00 1
45.00 25.00 -175.00 1
45.00 25.00 -185.00 1
45.00 25.00 -195.00 1
45.00 25.00 -205.00 1
45.00 25.00 -215.00 1
45.00 25.00 -225.00 0
45.00 25.00 -235.00 0
45.00 25.00 -245.00 0
45.00 25.00 -255.00 1
45.00 25.00 -265.00 1
45.00 25.00 -275.00 1
45.00 25.00 -285.00 1
45.00 25.00 -295.00 1
45.00 25.00 -305.00 1
45.00 25.00 -315.00 1
45.00 25.00 -325.00 1
45.00 25.00 -335.00 1
45.00 25.00 -345.00 1
45.00 25.00 -355.00 1
45.00 25.00 -365.00 0
45.00 25.00 -375.00 0
45.00 25.00 -385.00 0
45.00 25.00 -395.00 1
45.00 25.00 -405.00 1
45.00 25.00 -415.00 1
45.00 25.00 -425.00 0
45.00 25.00 -435.00 0
45.00 25.00 -445.00 0
45.00 25.00 -455.00 0
45.00 25.00 -465.00 0
45.00 25.00 -475.00 0
45.00 25.00 -485.00 0
45.00 25.00 -495.00 1
55.00 25.00 -5.00 1
55.00 25.00 -15.00 0
55.00 25.00 -25.00 0
55.00 25.00 -35.00 0
55.00 25.00 -45.00 0
55.00 25.00 -55.00 0
55.00 25.00 -65.00 0
55.00 25.00 -75.00 0
55.00 25.00 -85.00 1
55.00 25.00 -95.00 1
55.00 25.00 -105.00 1
55.00 25.00 -115.00 0
55.00 25.00 -125.00 0
55.00 25.00 -135.00 0
55.00 25.00 -145.00 0
55.00 25.00 -155.00 0
55.00 25.00 -165.00 0
55.00 25.00 -175.00 0
55.00 25.00 -185.00 0
55.00 25.00 -195.00 0
55.00 25.00 -205.00 0
55.00 25.00 -215.00 0
55.00 25.00 -225.00 0
55.00 25.00 -235.00 0
55.00 25.00 -245.00 0
55.00 25.00 -255.00 0
55.00 25.00 -265.00 0
55.00 25.00 -275.00 0
55.00 25.00 -285.00 0
55.00 25.00 -295.00 0
55.00 25.00 -305.00 0
55.00 25.00 -315.00 0
55.00 25.00 -325.00 0
55.00 25.00 -335.00 0
55.00 25.00 -345.00 0
55.00 25.00 -355.00 0
55.00 25.00 -365.00 0
55.00 25.00 -375.00 0
55.00 25.00 -385.00 0
55.00 25.00 -395.00 1
55.00 25.00 -405.00 1
55.00 25.00 -415.00 1
55.00 25.00 -425.00 0
55.00 25.00 -435.00 0
55.00 25.00 -445.00 0
55.00 25.00 -455.00 0
55.00 25.00 -465.00 0
55.00 25.00 -475.00 0
55.00 25.00 -485.00 0
55.00 25.00 -495.00 1
65.00 25.00 -5.00 1
65.00 25.00 -15.00 0
65.00 25.00 -25.00 0
65.00 25.00 -35.00 0
65.00 25.00 -45.00 0
65.00 25.00 -55.00 0
65.00 25.00 -65.00 0
65.00 25.00 -75.00 0
65.00 25.00 -85.00 1
65.00 25.00 -95.00 1
65.00 25.00 -105.00 1
65.00 25.00 -115.00 0
65.00 25.00 -125.00 0
65.00 25.00 -135.00 0
65.00 25.00 -145.00 0
65.00 25.00 -155.00 0
65.00 25.00 -165.00 0
65.00 25.00 -175.00 0
65.00 25.00 -185.00 0
65.00 25.00 -195.00 0
65.00 25.00 -205.00 0
65.00 25.00 -215.00 0
65.00 25.00 -225.00 0
65.00 25.00 -235.00 0
65.00 25.00 -245.00 0
65.00 25.00 -255.00 0
65.00 25.00 -265.00 0
65.00 25.00 -275.00 0
65.00 25.00 -285.00 0
65.00 25.00 -295.00 0
65.00 25.00 -305.00 0
65.00 25.00 -315.00 0
65.00 25.00 -325.00 0
65.00 25.00 -335.00 0
65.00 25.00 -345.00 0
65.00 25.00 -355.00 0
65.00 25.00 -365.00 0
65.00 25.00 -375.00 0
65.00 25.00 -385.00 0
65.00 25.00 -395.00 1
65.00 25.00 -405.00 1
65.00 25.00 -415.00 1
65.00 25.00 -425.00 0
65.00 25.00 -435.00 0
65.00 25.00 -445.00 0
65.00 25.00 -455.00 0
65.00 25.00 -465.00 0
65.00 25.00 -475.00 0
65.00 25.00 -485.00 0
65.00 25.00 -495.00 1
75.00 25.00 -5.00 1
75.00 25.00 -15.00 0
75.00 25.00 -25.00 0
75.00 25.00 -35.00 0
75.00 25.00 -45.00 0
75.00 25.00 -55.00 0
75.00 25.00 -65.00 0
75.00 25.00 -75.00 0
75.00 25.00 -85.00 1
75.00 25.00 -95.00 1
75.00 25.00 -105.00 1
75.00 25.00 -115.00 1
75.00 25.00 -125.00 1
75.00 25.00 -135.00 1
75.00 25.00 -145.00 1
75.00 25.00 -155.00 0
75.00 25.00 -165.00 0
75.00 25.00 -175.00 0
75.00 25.00 -185.00 1
75.00 25.00 -195.00 1
75.00 25.00 -205.00 1
75.00 25.00 -215.00 1
75.00 25.00 -225.00 1
75.00 25.00 -235.00 1
75.00 25.00 -245.00 1
75.00 25.00 -255.00 1
75.00 25.00 -265.00 0
75.00 25.00 -275.00 0
75.00 25.00 -285.00 1
75.00 25.00 -295.00 1
75.00 25.00 -305.00 1
75.00 25.00 -315.00 1
75.00 25.00 -325.00 0
75.00 25.00 -335.00 0
75.00 25.00 -345.00 0
75.00 25.00 -355.00 1
75.00 25.00 -365.00 1
75.00 25.00 -375.00 1
75.00 25.00 -385.00 1
75.00 25.00 -395.00 1
75.00 25.00 -405.00 1
75.00 25.00 -415.00 1
75.00 25.00 -425.00 0
75.00 25.00 -435.00 0
75.00 25.00 -445.00 0
75.00 25.00 -455.00 0
75.00 25.00 -465.00 0
75.00 25.00 -475.00 0
75.00 25.00 -485.00 0
75.00 25.00 -495.00 1
85.00 25.00 -5.00 1
85.00 25.00 -15.00 2
85.00 25.00 -25.00 2
85.00 25.00 -35.00 0
85.00 25.00 -45.00 0
85.00 25.00 -55.00 0
85.00 25.00 -65.00 0
85.00 25.00 -75.00 0
85.00 25.00 -85.00 0
85.00 25.00 -95.00 0
85.00 25.00 -105.00 0
85.00 25.00 -115.00 0
85.00 25.00 -125.00 0
85.00 25.00 -135.00 0
85.00 25.00 -145.00 0
85.00 25.00 -155.00 0
85.00 25.00 -165.00 0
85.00 25.00 -175.00 0
85.00 25.00 -185.00 0
85.00 25.00 -195.00 0
85.00 25.00 -205.00 0
85.00 25.00 -215.00 0
85.00 25.00 -225.00 0
85.00 25.00 -235.00 0
85.00 25.00 -245.00 0
85.00 25.00 -255.00 0
85.00 25.00 -265.00 0
85.00 25.00 -275.00 0
85.00 25.00 -285.00 0
85.00 25.00 -295.00 0
85.00 25.00 -305.00 0
85.00 25.00 -315.00 0
85.00 25.00 -325.00 0
85.00 25.00 -335.00 0
85.00 25.00 -345.00 0
85.00 25.00 -355.00 0
85.00 25.00 -365.00 0
85.00 25.00 -375.00 0
85.00 25.00 -385.00 0
85.00 25.00 -395.00 0
85.00 25.00 -405.00 0
85.00 25.00 -415.00 0
85.00 25.00 -425.00 0
85.00 25.00 -435.00 0
85.00 25.00 -445.00 0
85.00 25.00 -455.00 0
85.00 25.00 -465.00 0
85.00 25.00 -475.00 2
85.00 25.00 -485.00 2
85.00 25.00 -495.00 1
95.00 25.00 -5.00 1
95.00 25.00 -15.00 2
95.00 25.00 -25.00 2
95.00 25.00 -35.00 0
95.00 25.00 -45.00 0
95.00 25.00 -55.00 0
95.00 25.00 -65.00 0
95.00 25.00 -75.00 0
95.00 25.00 -85.00 0
95.00 25.00 -95.00 2
95.00 25.00 -105.00 0
95.00 25.00 -115.00 0
95.00 25.00 -125.00 0
95.00 25.00 -135.00 0
95.00 25.00 -145.00 0
95.00 25.00 -155.00 0
95.00 25.00 -165.00 0
95.00 25.00 -175.00 0
95.00 25.00 -185.00 0
95.00 25.00 -195.00 0
95.00 25.00 -205.00 2
95.00 25.00 -215.00 0
95.00 25.00 -225.00 0
95.00 25.00 -235.00 0
95.00 25.00 -245.00 0
95.00 25.00 -255.00 0
95.00 25.00 -265.00 0
95.00 25.00 -275.00 0
95.00 25.00 -285.00 0
95.00 25.00 -295.00 2
95.00 25.00 -305.00 0
95.00 25.00 -315.00 0
95.00 25.00 -325.00 0
95.00 25.00 -335.00 0
95.00 25.00 -345.00 0
95.00 25.00 -355.00 0
95.00 25.00 -365.00 0
95.00 25.00 -375.00 0
95.00 25.00 -385.00 0
95.00 25.00 -395.00 0
95.00 25.00 -405.00 2
95.00 25.00 -415.00 0
95.00 25.00 -425.00 0
95.00 25.00 -435.00 0
95.00 25.00 -445.00 0
95.00 25.00 -455.00 0
95.00 25.00 -465.00 0
95.00 25.00 -475.00 2
95.00 25.00 -485.00 2
95.00 25.00 -495.00 1
105.00 25.00 -5.00 1
105.00 25.00 -15.00 2
105.00 25.00 -25.00 2
105.00 25.00 -35.00 0
105.00 25.00 -45.00 0
105.00 25.00 -55.00 0
105.00 25.00 -65.00 0
105.00 25.00 -75.00 0
105.00 25.00 -85.00 0
105.00 25.00 -95.00 2
105.00 25.00 -105.00 0
105.00 25.00 -115.00 0
105.00 25.00 -125.00 0
105.00 25.00 -135.00 0
105.00 25.00 -145.00 0
105.00 25.00 -155.00 0
105.00 25.00 -165.00 0
105.00 25.00 -175.00 0
105.00 25.00 -185.00 0
105.00 25.00 -195.00 0
105.00 25.00 -205.00 2
105.00 25.00 -215.00 0
105.00 25.00 -225.00 0
105.00 25.00 -235.00 0
105.00 25.00 -245.00 0
105.00 25.00 -255.00 0
105.00 25.00 -265.00 0
105.00 25.00 -275.00 0
105.00 25.00 -285.00 0
105.00 25.00 -295.00 2
105.00 25.00 -305.00 0
105.00 25.00 -315.00 0
105.00 25.00 -325.00 0
105.00 25.00 -335.00 0
105.00 25.00 -345.00 0
105.00 25.00 -355.00 0
105.00 25.00 -365.00 0
105.00 25.00 -375.00 0
105.00 25.00 -385.00 0
105.00 25.00 -395.00 0
105.00 25.00 -405.00 2
105.00 25.00 -415.00 0
105.00 25.00 -425.00 0
105.00 25.00 -435.00 0
105.00 25.00 -445.00 0
105.00 25.00 -455.00 0
105.00 25.00 -465.00 0
105.00 25.00 -475.00 2
105.00 25.00 -485.00 2
105.00 25.00 -495.00 1
115.00 25.00 -5.00 1
115.00 25.00 -15.00 2
115.00 25.00 -25.00 2
115.00 25.00 -35.00 0
115.00 25.00 -45.00 0
115.00 25.00 -55.00 0
115.00 25.00 -65.00 0
115.00 25.00 -75.00 0
115.00 25.00 -85.00 0
115.00 25.00 -95.00 0
115.00 25.00 -105.00 0
115.00 25.00 -115.00 0
115.00 25.00 -125.00 0
115.00 25.00 -135.00 0
115.00 25.00 -145.00 0
115.00 25.00 -155.00 0
115.00 25.00 -165.00 0
115.00 25.00 -175.00 0
115.00 25.00 -185.00 0
115.00 25.00 -195.00 0
115.00 25.00 -205.00 0
115.00 25.00 -215.00 0
115.00 25.00 -225.00 0
115.00 25.00 -235.00 0
115.00 25.00 -245.00 0
115.00 25.00 -255.00 0
115.00 25.00 -265.00 0
115.00 25.00 -275.00 0
115.00 25.00 -285.00 0
115.00 25.00 -295.00 0
115.00 25.00 -305.00 0
115.00 25.00 -315.00 0
115.00 25.00 -325.00 0
115.00 25.00 -335.00 0
115.00 25.00 -345.00 0
115.00 25.00 -355.00 0
115.00 25.00 -365.00 0
115.00 25.00 -375.00 0
115.00 25.00 -385.00 0
115.00 25.00 -395.00 0
115.00 25.00 -405.00 0
115.00 25.00 -415.00 0
115.00 25.00 -425.00 0
115.00 25.00 -435.00 0
115.00 25.00 -445.00 0
115.00 25.00 -455.00 0
115.00 25.00 -465.00 0
115.00 25.00 -475.00 2
115.00 25.00 -485.00 2
115.00 25.00 -495.00 1
125.00 25.00 -5.00 1
125.00 25.00 -15.00 0
125.00 25.00 -25.00 0
125.00 25.00 -35.00 0
125.00 25.00 -45.00 0
125.00 25.00 -55.00 0
125.00 25.00 -65.00 0
125.00 25.00 -75.00 0
125.00 25.00 -85.00 1
125.00 25.00 -95.00 1
125.00 25.00 -105.00 1
125.00 25.00 -115.00 1
125.00 25.00 -125.00 1
125.00 25.00 -135.00 1
125.00 25.00 -145.00 1
125.00 25.00 -155.00 0
125.00 25.00 -165.00 0
125.00 25.00 -175.00 0
125.00 25.00 -185.00 1
125.00 25.00 -195.00 1
125.00 25.00 -205.00 1
125.00 25.00 -215.00 1
125.00 25.00 -225.00 0
125.00 25.00 -235.00 0
125.00 25.00 -245.00 1
125.00 25.00 -255.00 1
125.00 25.00 -265.00 1
125.00 25.00 -275.00 1
125.00 25.00 -285.00 1
125.00 25.00 -295.00 1
125.00 25.00 -305.00 1
125.00 25.00 -315.00 1
125.00 25.00 -325.00 0
125.00 25.00 -335.00 0
125.00 25.00 -345.00 0
125.00 25.00 -355.00 1
125.00 25.00 -365.00 1
125.00 25.00 -375.00 1
125.00 25.00 -385.00 1
125.00 25.00 -395.00 1
125.00 25.00 -405.00 1
125.00 25.00 -415.00 1
125.00 25.00 -425.00 0
125.00 25.00 -435.00 0
125.00 25.00 -445.00 0
125.00 25.00 -455.00 0
125.00 25.00 -465.00 0
125.00 25.00 -475.00 0
125.00 25.00 -485.00 0
125.00 25.00 -495.00 1
135.00 25.00 -5.00 1
135.00 25.00 -15.00 0
135.00 25.00 -25.00 0
135.00 25.00 -35.00 0
135.00 25.00 -45.00 0
135.00 25.00 -55.00 0
135.00 25.00 -65.00 0
135.00 25.00 -75.00 0
135.00 25.00 -85.00 1
135.00 25.00 -95.00 1
135.00 25.00 -105.00 1
135.00 25.00 -115.00 0
135.00 25.00 -125.00 0
135.00 25.00 -135.00 0
135.00 25.00 -145.00 0
135.00 25.00 -155.00 0
135.00 25.00 -165.00 0
135.00 25.00 -175.00 0
135.00 25.00 -185.00 0
135.00 25.00 -195.00 0
135.00 25.00 -205.00 0
135.00 25.00 -215.00 0
135.00 25.00 -225.00 0
135.00 25.00 -235.00 0
135.00 25.00 -245.00 0
135.00 25.00 -255.00 0
135.00 25.00 -265.00 0
135.00 25.00 -275.00 0
135.00 25.00 -285.00 0
135.00 25.00 -295.00 0
135.00 25.00 -305.00 0
135.00 25.00 -315.00 0
135.00 25.00 -325.00 0
135.00 25.00 -335.00 0
135.00 25.00 -345.00 0
135.00 25.00 -355.00 0
135.00 25.00 -365.00 0
135.00 25.00 -375.00 0
135.00 25.00 -385.00 0
135.00 25.00 -395.00 1
135.00 25.00 -405.00 1
135.00 25.00 -415.00 1
135.00 25.00 -425.00 0
135.00 25.00 -435.00 0
135.00 25.00 -445.00 0
135.00 25.00 -455.00 0
135.00 25.00 -465.00 0
135.00 25.00 -475.00 0
135.00 25.00 -485.00 0
135.00 25.00 -495.00 1
145.00 25.00 -5.00 1
145.00 25.00 -15.00 0
145.00 25.00 -25.00 0
145.00 25.00 -35.00 0
145.00 25.00 -45.00 0
145.00 25.00 -55.00 0
145.00 25.00 -65.00 0
145.00 25.00 -75.00 0
145.00 25.00 -85.00 1
145.00 25.00 -95.00 1
145.00 25.00 -105.00 1
145.00 25.00 -115.00 0
145.00 25.00 -125.00 0
145.00 25.00 -135.00 0
145.00 25.00 -145.00 0
145.00 25.00 -155.00 0
145.00 25.00 -165.00 0
145.00 25.00 -175.00 0
145.00 25.00 -185.00 0
145.00 25.00 -195.00 0
145.00 25.00 -205.00 0
145.00 25.00 -215.00 0
145.00 25.00 -225.00 0
145.00 25.00 -235.00 0
145.00 25.00 -245.00 0
145.00 25.00 -255.00 0
145.00 25.00 -265.00 0
145.00 25.00 -275.00 0
145.00 25.00 -285.00 0
145.00 25.00 -295.00 0
145.00 25.00 -305.00 0
145.00 25.00 -315.00 0
145.00 25.00 -325.00 0
145.00 25.00 -335.00 0
145.00 25.00 -345.00 0
145.00 25.00 -355.00 0
145.00 25.00 -365.00 0
145.00 25.00 -375.00 0
145.00 25.00 -385.00 0
145.00 25.00 -395.00 1
145.00 25.00 -405.00 1
145.00 25.00 -415.00 1
145.00 25.00 -425.00 0
145.00 25.00 -435.00 0
145.00 25.00 -445.00 0
145.00 25.00 -455.00 0
145.00 25.00 -465.00 0
145.00 25.00 -475.00 0
145.00 25.00 -485.00 0
145.00 25.00 -495.00 1
155.00 25.00 -5.00 1
155.00 25.00 -15.00 0
155.00 25.00 -25.00 0
155.00 25.00 -35.00 0
155.00 25.00 -45.00 0
155.00 25.00 -55.00 0
155.00 25.00 -65.00 0
155.00 25.00 -75.00 0
155.00 25.00 -85.00 1
155.00 25.00 -95.00 1
155.00 25.00 -105.00 1
155.00 25.00 -115.00 0
155.00 25.00 -125.00 0
155.00 25.00 -135.00 0
155.00 25.00 -145.00 1
155.00 25.00 -155.00 1
155.00 25.00 -165.00 1
155.00 25.00 -175.00 1
155.00 25.00 -185.00 1
155.00 25.00 -195.00 1
155.00 25.00 -205.00 1
155.00 25.00 -215.00 1
155.00 25.00 -225.00 1
155.00 25.00 -235.00 1
155.00 25.00 -245.00 1
155.00 25.00 -255.00 0
155.00 25.00 -265.00 0
155.00 25.00 -275.00 0
155.00 25.00 -285.00 1
155.00 25.00 -295.00 1
155.00 25.00 -305.00 1
155.00 25.00 -315.00 1
155.00 25.00 -325.00 1
155.00 25.00 -335.00 1
155.00 25.00 -345.00 1
155.00 25.00 -355.00 1
155.00 25.00 -365.00 0
155.00 25.00 -375.00 0
155.00 25.00 -385.00 0
155.00 25.00 -395.00 1
155.00 25.00 -405.00 1
155.00 25.00 -415.00 1
155.00 25.00 -425.00 0
155.00 25.00 -435.00 0
155.00 25.00 -445.00 0
155.00 25.00 -455.00 0
155.00 25.00 -465.00 0
155.00 25.00 -475.00 0
155.00 25.00 -485.00 0
155.00 25.00 -495.00 1
165.00 25.00 -5.00 1
165.00 25.00 -15.00 0
165.00 25.00 -25.00 0
165.00 25.00 -35.00 0
165.00 25.00 -45.00 0
165.00 25.00 -55.00 0
165.00 25.00 -65.00 0
165.00 25.00 -75.00 0
165.00 25.00 -85.00 0
165.00 25.00 -95.00 0
165.00 25.00 -105.00 0
165.00 25.00 -115.00 0
165.00 25.00 -125.00 0
165.00 25.00 -135.00 0
165.00 25.00 -145.00 0
165.00 25.00 -155.00 0
165.00 25.00 -165.00 0
165.00 25.00 -175.00 0
165.00 25.00 -185.00 0
165.00 25.00 -195.00 0
165.00 25.00 -205.00 0
165.00 25.00 -215.00 0
165.00 25.00 -225.00 0
165.00 25.00 -235.00 0
165.00 25.00 -245.00 0
165.00 25.00 -255.00 0
165.00 25.00 -265.00 0
165.00 25.00 -275.00 0
165.00 25.00 -285.00 0
165.00 25.00 -295.00 0
165.00 25.00 -305.00 0
165.00 25.00 -315.00 0
165.00 25.00 -325.00 0
165.00 25.00 -335.00 0
165.00 25.00 -345.00 0
165.00 25.00 -355.00 0
165.00 25.00 -365.00 0
165.00 25.00 -375.00 0
165.00 25.00 -385.00 0
165.00 25.00 -395.00 0
165.00 25.00 -405.00 0
165.00 25.00 -415.00 0
165.00 25.00 -425.00 0
165.00 25.00 -435.00 0
165.00 25.00 -445.00 0
165.00 25.00 -455.00 0
165.00 25.00 -465.00 0
165.00 25.00 -475.00 0
165.00 25.00 -485.00 0
165.00 25.00 -495.00 1
175.00 25.00 -5.00 1
175.00 25.00 -15.00 0
175.00 25.00 -25.00 0
175.00 25.00 -35.00 0
175.00 25.00 -45.00 0
175.00 25.00 -55.00 0
175.00 25.00 -65.00 0
175.00 25.00 -75.00 0
175.00 25.00 -85.00 0
175.00 25.00 -95.00 2
175.00 25.00 -105.00 0
175.00 25.00 -115.00 0
175.00 25.00 -125.00 0
175.00 25.00 -135.00 0
175.00 25.00 -145.00 0
175.00 25.00 -155.00 0
175.00 25.00 -165.00 0
175.00 25.00 -175.00 0
175.00 25.00 -185.00 0
175.00 25.00 -195.00 0
175.00 25.00 -205.00 2
175.00 25.00 -215.00 0
175.00 25.00 -225.00 0
175.00 25.00 -235.00 0
175.00 25.00 -245.00 0
175.00 25.00 -255.00 0
175.00 25.00 -265.00 0
175.00 25.00 -275.00 0
175.00 25.00 -285.00 0
175.00 25.00 -295.00 2
175.00 25.00 -305.00 0
175.00 25.00 -315.00 0
175.00 25.00 -325.00 0
175.00 25.00 -335.00 0
175.00 25.00 -345.00 0
175.00 25.00 -355.00 0
175.00 25.00 -365.00 0
175.00 25.00 -375.00 0
175.00 25.00 -385.00 0
175.00 25.00 -395.00 0
175.00 25.00 -405.00 2
175.00 25.00 -415.00 0
175.00 25.00 -425.00 0
175.00 25.00 -435.00 0
175.00 25.00 -445.00 0
175.00 25.00 -455.00 0
175.00 25.00 -465.00 0
175.00 25.00 -475.00 0
175.00 25.00 -485.00 0
175.00 25.00 -495.00 1
185.00 25.00 -5.00 1
185.00 25.00 -15.00 0
185.00 25.00 -25.00 0
185.00 25.00 -35.00 0
185.00 25.00 -45.00 0
185.00 25.00 -55.00 0
185.00 25.00 -65.00 0
185.00 25.00 -75.00 0
185.00 25.00 -85.00 0
185.00 25.00 -95.00 2
185.00 25.00 -105.00 0
185.00 25.00 -115.00 0
185.00 25.00 -125.00 0
185.00 25.00 -135.00 0
185.00 25.00 -145.00 0
185.00 25.00 -155.00 0
185.00 25.00 -165.00 0
185.00 25.00 -175.00 0
185.00 25.00 -185.00 0
185.00 25.00 -195.00 0
185.00 25.00 -205.00 2
185.00 25.00 -215.00 0
185.00 25.00 -225.00 0
185.00 25.00 -235.00 0
185.00 25.00 -245.00 0
185.00 25.00 -255.00 0
185.00 25.00 -265.00 0
185.00 25.00 -275.00 0
185.00 25.00 -285.00 0
185.00 25.00 -295.00 2
185.00 25.00 -305.00 0
185.00 25.00 -315.00 0
185.00 25.00 -325.00 0
185.00 25.00 -335.00 0
185.00 25.00 -345.00 0
185.00 25.00 -355.00 0
185.00 25.00 -365.00 0
185.00 25.00 -375.00 0
185.00 25.00 -385.00 0
185.00 25.00 -395.00 0
185.00 25.00 -405.00 2
185.00 25.00 -415.00 0
185.00 25.00 -425.00 0
185.00 25.00 -435.00 0
185.00 25.00 -445.00 0
185.00 25.00 -455.00 0
185.00 25.00 -465.00 0
185.00 25.00 -475.00 0
185.00 25.00 -485.00 0
185.00 25.00 -495.00 1
195.00 25.00 -5.00 1
195.00 25.00 -15.00 1
195.00 25.00 -25.00 1
195.00 25.00 -35.00 1
195.00 25.00 -45.00 1
195.00 25.00 -55.00 1
195.00 25.00 -65.00 1
195.00 25.00 -75.00 1
195.00 25.00 -85.00 1
195.00 25.00 -95.00 1
195.00 25.00 -105.00 1
195.00 25.00 -115.00 1
195.00 25.00 -125.00 1
195.00 25.00 -135.00 1
195.00 25.00 -145.00 1
195.00 25.00 -155.00 1
195.00 25.00 -165.00 1
195.00 25.00 -175.00 1
195.00 25.00 -185.00 1
195.00 25.00 -195.00 1
195.00 25.00 -205.00 1
195.00 25.00 -215.00 1
195.00 25.00 -225.00 1
195.00 25.00 -235.00 1
195.00 25.00 -245.00 1
195.00 25.00 -255.00 1
195.00 25.00 -265.00 1
195.00 25.00 -275.00 1
195.00 25.00 -285.00 1
195.00 25.00 -295.00 1
195.00 25.00 -305.00 1
195.00 25.00 -315.00 1
195.00 25.00 -325.00 1
195.00 25.00 -335.00 1
195.00 25.00 -345.00 1
195.00 25.00 -355.00 1
195.00 25.00 -365.00 1
195.00 25.00 -375.00 1
195.00 25.00 -385.00 1
195.00 25.00 -395.00 1
195.00 25.00 -405.00 1
195.00 25.00 -415.00 1
195.00 25.00 -425.00 1
195.00 25.00 -435.00 1
195.00 25.00 -445.00 1
195.00 25.00 -455.00 1
195.00 25.00 -465.00 1
195.00 25.00 -475.00 1
195.00 25.00 -485.00 1
195.00 25.00 -495.00 1
